<TICKER>,<PER>,<DATE>,<TIME>,<OPEN>,<HIGH>,<LOW>,<CLOSE>,<VOL>,<OPENINT>
^OMXR,5,20221117,090000,1106.12,1106.12,1105.85,1105.85,0,0
^OMXR,5,20221117,090500,1105.67,1105.67,1105.67,1105.67,0,0
^OMXR,5,20221117,093000,1105.48,1105.48,1105.48,1105.48,0,0
^OMXR,5,20221117,093500,1105.11,1105.11,1105.11,1105.11,0,0
^OMXR,5,20221117,094500,1105.02,1105.02,1105.02,1105.02,0,0
^OMXR,5,20221117,100000,1105.24,1105.24,1105.24,1105.24,0,0
^OMXR,5,20221117,100500,1105.33,1105.33,1105.11,1105.11,0,0
^OMXR,5,20221117,101000,1105.48,1105.48,1105.48,1105.48,0,0
^OMXR,5,20221117,102000,1105.7,1105.7,1105.7,1105.7,0,0
^OMXR,5,20221117,102500,1106.07,1106.07,1106.07,1106.07,0,0
^OMXR,5,20221117,103500,1105.33,1105.7,1105.33,1105.7,0,0
^OMXR,5,20221117,104000,1106.25,1106.25,1106.25,1106.25,0,0
^OMXR,5,20221117,104500,1104.99,1104.99,1104.99,1104.99,0,0
^OMXR,5,20221117,111500,1104.76,1104.76,1104.76,1104.76,0,0
^OMXR,5,20221117,112000,1103.94,1103.94,1103.94,1103.94,0,0
^OMXR,5,20221117,112500,1104.85,1104.85,1104.85,1104.85,0,0
^OMXR,5,20221117,114500,1105.08,1105.08,1105.08,1105.08,0,0
^OMXR,5,20221117,123500,1106.19,1106.19,1106.19,1106.19,0,0
^OMXR,5,20221117,124000,1106.56,1106.56,1106.56,1106.56,0,0
^OMXR,5,20221117,131500,1106.33,1106.33,1106.33,1106.33,0,0
^OMXR,5,20221117,134500,1107.59,1107.59,1107.59,1107.59,0,0
^OMXR,5,20221117,140500,1107.82,1107.82,1107.82,1107.82,0,0
^OMXR,5,20221117,141500,1107.45,1107.45,1107.45,1107.45,0,0
^OMXR,5,20221117,143500,1107.22,1107.22,1107.22,1107.22,0,0
^OMXR,5,20221117,144000,1107.45,1107.45,1107.45,1107.45,0,0
^OMXR,5,20221117,145500,1106.55,1106.55,1106.55,1106.55,0,0
^OMXR,5,20221121,090000,1106.45,1106.45,1106.27,1106.27,0,0
^OMXR,5,20221121,090500,1106.64,1106.64,1106.64,1106.64,0,0
^OMXR,5,20221121,091000,1107.53,1108.64,1107.53,1108.64,0,0
^OMXR,5,20221121,091500,1108.2,1108.2,1108.2,1108.2,0,0
^OMXR,5,20221121,093000,1108.57,1108.94,1108.57,1108.94,0,0
^OMXR,5,20221121,100500,1109.25,1109.25,1109.25,1109.25,0,0
^OMXR,5,20221121,102000,1108.81,1108.81,1108.81,1108.81,0,0
^OMXR,5,20221121,105500,1108.9,1108.9,1108.9,1108.9,0,0
^OMXR,5,20221121,111000,1108.45,1108.45,1108.45,1108.45,0,0
^OMXR,5,20221121,113000,1109.5,1109.5,1109.5,1109.5,0,0
^OMXR,5,20221121,113500,1109.59,1109.59,1109.59,1109.59,0,0
^OMXR,5,20221121,114000,1109.14,1109.14,1109.14,1109.14,0,0
^OMXR,5,20221121,115500,1108.84,1109.21,1108.84,1109.21,0,0
^OMXR,5,20221121,120500,1109.43,1109.43,1109.43,1109.43,0,0
^OMXR,5,20221121,123500,1109.66,1109.88,1109.66,1109.88,0,0
^OMXR,5,20221121,124000,1109.43,1109.43,1109.43,1109.43,0,0
^OMXR,5,20221121,130000,1109.21,1109.21,1109.21,1109.21,0,0
^OMXR,5,20221121,134000,1109.38,1109.38,1109.38,1109.38,0,0
^OMXR,5,20221121,135000,1109.83,1109.83,1109.83,1109.83,0,0
^OMXR,5,20221121,143000,1109.38,1109.38,1109.38,1109.38,0,0
^OMXR,5,20221121,145000,1109.6,1109.6,1109.6,1109.6,0,0
^OMXR,5,20221121,145500,1109.23,1109.23,1109.23,1109.23,0,0
^OMXR,5,20221122,090000,1108.11,1108.11,1108.11,1108.11,0,0
^OMXR,5,20221122,090500,1108.11,1108.11,1108.11,1108.11,0,0
^OMXR,5,20221122,093000,1108.78,1109.06,1108.78,1109.06,0,0
^OMXR,5,20221122,095000,1109.06,1109.07,1109.06,1109.07,0,0
^OMXR,5,20221122,100500,1105.28,1105.28,1104.84,1104.84,0,0
^OMXR,5,20221122,101000,1108.62,1108.62,1108.62,1108.62,0,0
^OMXR,5,20221122,102000,1108.17,1108.17,1108.17,1108.17,0,0
^OMXR,5,20221122,102500,1108.62,1108.62,1108.17,1108.17,0,0
^OMXR,5,20221122,103000,1108.62,1108.62,1108.62,1108.62,0,0
^OMXR,5,20221122,104500,1109.36,1109.36,1109.36,1109.36,0,0
^OMXR,5,20221122,115000,1108.92,1108.92,1108.92,1108.92,0,0
^OMXR,5,20221122,115500,1105.13,1105.13,1105.13,1105.13,0,0
^OMXR,5,20221122,120000,1104.76,1104.76,1104.56,1104.56,0,0
^OMXR,5,20221122,122500,1104.56,1104.56,1104.56,1104.56,0,0
^OMXR,5,20221122,125000,1104.33,1104.33,1104.33,1104.33,0,0
^OMXR,5,20221122,125500,1104.7,1104.7,1104.7,1104.7,0,0
^OMXR,5,20221122,130500,1104.48,1104.48,1104.48,1104.48,0,0
^OMXR,5,20221122,132500,1104.57,1104.57,1104.57,1104.57,0,0
^OMXR,5,20221122,133500,1104.12,1104.12,1104.12,1104.12,0,0
^OMXR,5,20221122,135000,1104.49,1104.85,1104.4,1104.85,0,0
^OMXR,5,20221122,140000,1106.33,1106.33,1106.33,1106.33,0,0
^OMXR,5,20221122,142000,1105.96,1106.33,1105.96,1106.33,0,0
^OMXR,5,20221122,144000,1110.11,1110.11,1110.11,1110.11,0,0
^OMXR,5,20221122,144500,1109.47,1109.47,1109.47,1109.47,0,0
^OMXR,5,20221122,145000,1109.38,1109.61,1109.38,1109.61,0,0
^OMXR,5,20221123,090000,1109.83,1109.83,1109.83,1109.83,0,0
^OMXR,5,20221123,094500,1109.61,1109.61,1109.61,1109.61,0,0
^OMXR,5,20221123,095500,1108.87,1108.87,1108.87,1108.87,0,0
^OMXR,5,20221123,101500,1109.27,1109.27,1109.27,1109.27,0,0
^OMXR,5,20221123,102000,1109.82,1110.04,1109.82,1110.04,0,0
^OMXR,5,20221123,104500,1108.78,1108.78,1108.78,1108.78,0,0
^OMXR,5,20221123,111000,1109.23,1109.23,1109.23,1109.23,0,0
^OMXR,5,20221123,111500,1111.82,1112.05,1111.82,1112.05,0,0
^OMXR,5,20221123,112000,1112.07,1112.07,1111.39,1111.39,0,0
^OMXR,5,20221123,113500,1112.07,1112.07,1112.07,1112.07,0,0
^OMXR,5,20221123,114000,1112.22,1112.22,1112.22,1112.22,0,0
^OMXR,5,20221123,120000,1111.77,1111.77,1111.77,1111.77,0,0
^OMXR,5,20221123,121500,1111.05,1111.05,1111.05,1111.05,0,0
^OMXR,5,20221123,124500,1113.27,1113.27,1113.27,1113.27,0,0
^OMXR,5,20221123,130500,1113.99,1113.99,1113.54,1113.54,0,0
^OMXR,5,20221123,132000,1114.27,1114.36,1114.27,1114.36,0,0
^OMXR,5,20221123,134000,1114.73,1114.73,1114.73,1114.73,0,0
^OMXR,5,20221123,140000,1114.36,1114.36,1114.13,1114.13,0,0
^OMXR,5,20221123,142500,1111.91,1111.91,1111.91,1111.91,0,0
^OMXR,5,20221123,143500,1112.28,1112.28,1111.38,1111.38,0,0
^OMXR,5,20221124,090000,1112.28,1112.28,1112.28,1112.28,0,0
^OMXR,5,20221124,090500,1111.38,1111.38,1111.38,1111.38,0,0
^OMXR,5,20221124,091500,1112.06,1112.06,1112.06,1112.06,0,0
^OMXR,5,20221124,092000,1111.61,1111.61,1110.88,1110.88,0,0
^OMXR,5,20221124,093500,1111.32,1111.32,1111.32,1111.32,0,0
^OMXR,5,20221124,094500,1110.95,1110.95,1110.95,1110.95,0,0
^OMXR,5,20221124,103000,1110.92,1110.92,1110.92,1110.92,0,0
^OMXR,5,20221124,104000,1110.47,1110.47,1110.47,1110.47,0,0
^OMXR,5,20221124,105000,1110.92,1110.92,1110.47,1110.84,0,0
^OMXR,5,20221124,110000,1111.06,1111.06,1111.06,1111.06,0,0
^OMXR,5,20221124,110500,1111.29,1111.29,1111.29,1111.29,0,0
^OMXR,5,20221124,114500,1111.52,1111.52,1111.52,1111.52,0,0
^OMXR,5,20221124,121500,1111.55,1111.55,1111.55,1111.55,0,0
^OMXR,5,20221124,124500,1111.32,1111.32,1111.32,1111.32,0,0
^OMXR,5,20221124,125000,1111.55,1111.55,1111.32,1111.32,0,0
^OMXR,5,20221124,125500,1112.21,1112.21,1112.21,1112.21,0,0
^OMXR,5,20221124,130500,1111.32,1111.32,1110.44,1110.44,0,0
^OMXR,5,20221124,134500,1110.34,1110.57,1110.34,1110.57,0,0
^OMXR,5,20221124,135000,1110.2,1110.2,1110.2,1110.2,0,0
^OMXR,5,20221124,141000,1111.02,1111.02,1111.02,1111.02,0,0
^OMXR,5,20221124,142500,1112.28,1112.28,1112.28,1112.28,0,0
^OMXR,5,20221124,143000,1112.38,1112.38,1112.38,1112.38,0,0
^OMXR,5,20221124,143500,1112.01,1112.01,1112.01,1112.01,0,0
^OMXR,5,20221124,144500,1112.38,1112.38,1112.38,1112.38,0,0
^OMXR,5,20221125,090000,1112.6,1112.6,1112.6,1112.6,0,0
^OMXR,5,20221125,090500,1111.78,1113.56,1111.78,1113.56,0,0
^OMXR,5,20221125,091000,1114.44,1114.44,1114.44,1114.44,0,0
^OMXR,5,20221125,091500,1113.56,1113.56,1113.56,1113.56,0,0
^OMXR,5,20221125,095500,1113.78,1113.78,1113.78,1113.78,0,0
^OMXR,5,20221125,102000,1112,1112,1112,1112,0,0
^OMXR,5,20221125,110500,1095.6,1095.6,1095.6,1095.6,0,0
^OMXR,5,20221125,113500,1112,1112,1112,1112,0,0
^OMXR,5,20221125,114000,1111.78,1111.78,1111.78,1111.78,0,0
^OMXR,5,20221125,115000,1111.41,1111.41,1111.41,1111.41,0,0
^OMXR,5,20221125,125000,1111.37,1111.37,1111.37,1111.37,0,0
^OMXR,5,20221125,125500,1111.92,1111.92,1111.92,1111.92,0,0
^OMXR,5,20221125,130000,1111.41,1111.41,1111.41,1111.41,0,0
^OMXR,5,20221125,133000,1111.44,1111.44,1111.44,1111.44,0,0
^OMXR,5,20221125,135000,1112.18,1112.63,1112.18,1112.18,0,0
^OMXR,5,20221125,140500,1112.15,1112.15,1112.15,1112.15,0,0
^OMXR,5,20221125,141500,1112.18,1112.18,1112.15,1112.15,0,0
^OMXR,5,20221125,142000,1112.18,1112.18,1112.15,1112.15,0,0
^OMXR,5,20221125,143000,1111.92,1111.92,1110.81,1110.81,0,0
^OMXR,5,20221125,143500,1111.04,1111.04,1111.04,1111.04,0,0
^OMXR,5,20221125,144000,1110.81,1110.81,1110.81,1110.81,0,0
^OMXR,5,20221125,144500,1109.92,1109.92,1109.92,1109.92,0,0
^OMXR,5,20221128,090000,1099.31,1099.31,1099.31,1099.31,0,0
^OMXR,5,20221128,090500,1099.68,1099.72,1099.68,1099.72,0,0
^OMXR,5,20221128,092000,1100.39,1100.39,1100.39,1100.39,0,0
^OMXR,5,20221128,092500,1100.36,1100.36,1100.36,1100.36,0,0
^OMXR,5,20221128,093000,1099.64,1110.45,1099.64,1110.45,0,0
^OMXR,5,20221128,093500,1109.55,1110.08,1109.55,1110.08,0,0
^OMXR,5,20221128,094000,1109.19,1109.19,1108.51,1108.51,0,0
^OMXR,5,20221128,094500,1108.29,1108.97,1108.29,1108.97,0,0
^OMXR,5,20221128,095500,1109.19,1109.34,1109.19,1109.34,0,0
^OMXR,5,20221128,100500,1110.46,1110.46,1110.46,1110.46,0,0
^OMXR,5,20221128,103500,1110.24,1110.24,1110.24,1110.24,0,0
^OMXR,5,20221128,104000,1109.87,1109.87,1109.87,1109.87,0,0
^OMXR,5,20221128,111500,1109.96,1109.96,1109.96,1109.96,0,0
^OMXR,5,20221128,115000,1110,1110,1109.63,1109.63,0,0
^OMXR,5,20221128,115500,1109.54,1109.54,1109.54,1109.54,0,0
^OMXR,5,20221128,120500,1110.43,1110.43,1110.43,1110.43,0,0
^OMXR,5,20221128,122000,1109.98,1109.98,1109.98,1109.98,0,0
^OMXR,5,20221128,122500,1109.53,1109.53,1109.53,1109.53,0,0
^OMXR,5,20221128,123000,1109.08,1109.08,1109.08,1109.08,0,0
^OMXR,5,20221128,125000,1109.17,1109.17,1109.17,1109.17,0,0
^OMXR,5,20221128,130500,1110.3,1110.39,1110.3,1110.39,0,0
^OMXR,5,20221128,131500,1110.35,1111.09,1110.2,1110.2,0,0
^OMXR,5,20221128,134500,1110.57,1110.57,1110.57,1110.57,0,0
^OMXR,5,20221128,135000,1110.35,1110.35,1110.35,1110.35,0,0
^OMXR,5,20221128,135500,1109.44,1109.44,1109.44,1109.44,0,0
^OMXR,5,20221128,142500,1109.9,1110.35,1109.9,1110.35,0,0
^OMXR,5,20221128,143000,1111.24,1111.24,1111.24,1111.24,0,0
^OMXR,5,20221128,144000,1111.68,1111.68,1111.23,1111.23,0,0
^OMXR,5,20221128,145500,1111.68,1111.68,1111.68,1111.68,0,0
^OMXR,5,20221129,090000,1111.68,1111.68,1111.68,1111.68,0,0
^OMXR,5,20221129,090500,1110.35,1110.35,1110.35,1110.35,0,0
^OMXR,5,20221129,091000,1109.88,1110.77,1109.88,1110.77,0,0
^OMXR,5,20221129,092000,1110.46,1110.46,1110.24,1110.24,0,0
^OMXR,5,20221129,093500,1109.5,1109.5,1109.5,1109.5,0,0
^OMXR,5,20221129,095000,1109.59,1110.04,1109.59,1110.04,0,0
^OMXR,5,20221129,100000,1110.27,1110.27,1110.27,1110.27,0,0
^OMXR,5,20221129,100500,1109.67,1109.67,1109.67,1109.67,0,0
^OMXR,5,20221129,101500,1109.89,1109.89,1109.89,1109.89,0,0
^OMXR,5,20221129,102000,1109.22,1109.22,1109.22,1109.22,0,0
^OMXR,5,20221129,105000,1109.85,1109.85,1109.85,1109.85,0,0
^OMXR,5,20221129,112500,1109.79,1110.16,1109.79,1110.16,0,0
^OMXR,5,20221129,113000,1109.79,1109.79,1109.79,1109.79,0,0
^OMXR,5,20221129,113500,1109.84,1109.89,1109.84,1109.89,0,0
^OMXR,5,20221129,114000,1109.85,1109.85,1109.85,1109.85,0,0
^OMXR,5,20221129,114500,1109.89,1109.89,1109.89,1109.89,0,0
^OMXR,5,20221129,115500,1109.22,1109.22,1109.22,1109.22,0,0
^OMXR,5,20221129,120500,1108.39,1108.39,1108.39,1108.39,0,0
^OMXR,5,20221129,121000,1109.07,1109.07,1108.39,1108.39,0,0
^OMXR,5,20221129,122000,1109.07,1109.07,1109.07,1109.07,0,0
^OMXR,5,20221129,125500,1102.76,1102.76,1102.76,1102.76,0,0
^OMXR,5,20221129,131500,1105.43,1105.43,1105.43,1105.43,0,0
^OMXR,5,20221129,133000,1105.8,1105.8,1105.8,1105.8,0,0
^OMXR,5,20221129,140000,1103.58,1103.58,1103.58,1103.58,0,0
^OMXR,5,20221129,140500,1104.84,1104.84,1104.84,1104.84,0,0
^OMXR,5,20221129,144500,1104.16,1104.16,1103.94,1103.94,0,0
^OMXR,5,20221129,145500,1108.98,1108.98,1108.98,1108.98,0,0
^OMXR,5,20221130,090000,1109.89,1109.89,1109.89,1109.89,0,0
^OMXR,5,20221130,093000,1110.11,1110.11,1110.11,1110.11,0,0
^OMXR,5,20221130,094000,1110.56,1110.56,1110.56,1110.56,0,0
^OMXR,5,20221130,095000,1110.93,1110.93,1110.93,1110.93,0,0
^OMXR,5,20221130,102500,1110.71,1110.71,1110.71,1110.71,0,0
^OMXR,5,20221130,105000,1110.65,1111.1,1110.65,1111.1,0,0
^OMXR,5,20221130,110500,1112.43,1112.43,1112.43,1112.43,0,0
^OMXR,5,20221130,111000,1113.11,1113.11,1113.11,1113.11,0,0
^OMXR,5,20221130,112000,1112.2,1112.2,1112.2,1112.2,0,0
^OMXR,5,20221130,113500,1112.88,1112.88,1112.88,1112.88,0,0
^OMXR,5,20221130,120000,1112.65,1112.65,1112.65,1112.65,0,0
^OMXR,5,20221130,120500,1112.88,1112.88,1112.88,1112.88,0,0
^OMXR,5,20221130,121500,1113.09,1113.09,1113.09,1113.09,0,0
^OMXR,5,20221130,132000,1113.07,1113.07,1113.07,1113.07,0,0
^OMXR,5,20221130,134000,1112.84,1112.84,1112.84,1112.84,0,0
^OMXR,5,20221130,135000,1113.58,1113.58,1113.58,1113.58,0,0
^OMXR,5,20221130,135500,1113.21,1113.21,1113.21,1113.21,0,0
^OMXR,5,20221130,140500,1113.95,1113.95,1113.95,1113.95,0,0
^OMXR,5,20221130,141000,1114.17,1114.17,1114.17,1114.17,0,0
^OMXR,5,20221130,142000,1113.95,1113.95,1113.95,1113.95,0,0
^OMXR,5,20221130,142500,1115.21,1115.21,1115.21,1115.21,0,0
^OMXR,5,20221130,143500,1115.43,1115.43,1115.43,1115.43,0,0
^OMXR,5,20221130,144500,1115.21,1115.21,1115.21,1115.21,0,0
^OMXR,5,20221201,090000,1113.36,1113.36,1113.36,1113.36,0,0
^OMXR,5,20221201,091000,1112.62,1112.62,1111.95,1111.95,0,0
^OMXR,5,20221201,091500,1112.41,1112.41,1112.41,1112.41,0,0
^OMXR,5,20221201,093500,1110.96,1110.96,1109.84,1109.84,0,0
^OMXR,5,20221201,094000,1109.08,1109.08,1106.82,1106.82,0,0
^OMXR,5,20221201,094500,1106.1,1107.81,1106.1,1107.58,0,0
^OMXR,5,20221201,095000,1107.81,1107.81,1107.81,1107.81,0,0
^OMXR,5,20221201,100500,1111.41,1111.41,1111.41,1111.41,0,0
^OMXR,5,20221201,101000,1111.04,1111.04,1111.04,1111.04,0,0
^OMXR,5,20221201,102000,1111.13,1111.13,1111.13,1111.13,0,0
^OMXR,5,20221201,102500,1112.02,1112.34,1112.02,1112.34,0,0
^OMXR,5,20221201,103500,1113.06,1113.06,1113.06,1113.06,0,0
^OMXR,5,20221201,104000,1113.04,1113.04,1113.04,1113.04,0,0
^OMXR,5,20221201,104500,1112.58,1117.63,1112.58,1117.63,0,0
^OMXR,5,20221201,111500,1117.67,1117.67,1117.67,1117.67,0,0
^OMXR,5,20221201,112000,1117.76,1117.76,1117.76,1117.76,0,0
^OMXR,5,20221201,113500,1114.16,1114.16,1114.16,1114.16,0,0
^OMXR,5,20221201,114500,1114.52,1114.52,1114.52,1114.52,0,0
^OMXR,5,20221201,115000,1114.61,1117.72,1114.61,1117.72,0,0
^OMXR,5,20221201,115500,1117.59,1117.6,1117.59,1117.6,0,0
^OMXR,5,20221201,120000,1119.04,1119.04,1112.73,1112.73,0,0
^OMXR,5,20221201,121000,1111.29,1111.29,1111.29,1111.29,0,0
^OMXR,5,20221201,123500,1110.84,1110.84,1110.84,1110.84,0,0
^OMXR,5,20221201,124500,1110.97,1110.97,1110.97,1110.97,0,0
^OMXR,5,20221201,125000,1111.24,1111.24,1111.24,1111.24,0,0
^OMXR,5,20221201,130000,1111.02,1111.02,1111.02,1111.02,0,0
^OMXR,5,20221201,135000,1112.13,1112.13,1112.13,1112.13,0,0
^OMXR,5,20221201,141500,1113.57,1113.57,1113.57,1113.57,0,0
^OMXR,5,20221201,143500,1114.02,1114.02,1114.02,1114.02,0,0
^OMXR,5,20221201,145000,1113.65,1113.65,1113.65,1113.65,0,0
^OMXR,5,20221202,090000,1113.28,1113.28,1113.28,1113.28,0,0
^OMXR,5,20221202,090500,1112.56,1112.56,1112.56,1112.56,0,0
^OMXR,5,20221202,091000,1108.95,1108.95,1108.27,1108.27,0,0
^OMXR,5,20221202,092500,1108.72,1109.09,1108.72,1109.09,0,0
^OMXR,5,20221202,093000,1109.54,1109.54,1109.54,1109.54,0,0
^OMXR,5,20221202,093500,1109.76,1109.76,1109.58,1109.58,0,0
^OMXR,5,20221202,094000,1109.81,1109.81,1109.81,1109.81,0,0
^OMXR,5,20221202,094500,1109.58,1109.81,1109.36,1109.36,0,0
^OMXR,5,20221202,095000,1109.15,1109.15,1109.15,1109.15,0,0
^OMXR,5,20221202,095500,1109.34,1109.34,1109.34,1109.34,0,0
^OMXR,5,20221202,101000,1113.66,1113.66,1113.66,1113.66,0,0
^OMXR,5,20221202,110000,1113.89,1113.89,1113.89,1113.89,0,0
^OMXR,5,20221202,111500,1113.44,1113.89,1113.44,1113.89,0,0
^OMXR,5,20221202,112500,1114.07,1114.07,1114.07,1114.07,0,0
^OMXR,5,20221202,115500,1114.34,1114.34,1114.34,1114.34,0,0
^OMXR,5,20221202,120500,1114.57,1114.75,1114.57,1114.75,0,0
^OMXR,5,20221202,121500,1114.02,1114.02,1114.02,1114.02,0,0
^OMXR,5,20221202,122000,1113.8,1113.8,1113.8,1113.8,0,0
^OMXR,5,20221202,125000,1114.17,1114.17,1114.17,1114.17,0,0
^OMXR,5,20221202,131500,1120.47,1120.47,1120.47,1120.47,0,0
^OMXR,5,20221202,133000,1120.7,1120.7,1120.7,1120.7,0,0
^OMXR,5,20221202,135500,1119.26,1119.26,1119.26,1119.26,0,0
^OMXR,5,20221202,143500,1115.47,1115.47,1115.47,1115.47,0,0
^OMXR,5,20221205,090000,1115.14,1116.4,1115.14,1116.4,0,0
^OMXR,5,20221205,090500,1117.66,1117.66,1116.4,1116.4,0,0
^OMXR,5,20221205,091000,1113.81,1113.81,1113.58,1113.58,0,0
^OMXR,5,20221205,091500,1114.22,1114.22,1114.22,1114.22,0,0
^OMXR,5,20221205,092500,1115.56,1115.56,1115.56,1115.56,0,0
^OMXR,5,20221205,093000,1116.55,1116.55,1116.55,1116.55,0,0
^OMXR,5,20221205,093500,1116.51,1116.51,1116.51,1116.51,0,0
^OMXR,5,20221205,094500,1116.73,1116.73,1116.73,1116.73,0,0
^OMXR,5,20221205,100500,1117.33,1117.33,1117.33,1117.33,0,0
^OMXR,5,20221205,101500,1116.97,1116.97,1116.97,1116.97,0,0
^OMXR,5,20221205,102000,1115.19,1115.19,1114.74,1114.74,0,0
^OMXR,5,20221205,102500,1115.11,1115.11,1115.11,1115.11,0,0
^OMXR,5,20221205,104000,1115.2,1115.2,1114.75,1114.75,0,0
^OMXR,5,20221205,105500,1114.79,1114.79,1114.79,1114.79,0,0
^OMXR,5,20221205,112500,1115.25,1115.25,1115.25,1115.25,0,0
^OMXR,5,20221205,113000,1114.8,1114.8,1113.89,1113.89,0,0
^OMXR,5,20221205,114000,1113.44,1113.89,1113.44,1113.89,0,0
^OMXR,5,20221205,115000,1114.53,1114.53,1114.53,1114.53,0,0
^OMXR,5,20221205,115500,1114.62,1114.62,1113.16,1113.16,0,0
^OMXR,5,20221205,121500,1112.7,1116.02,1112.7,1116.02,0,0
^OMXR,5,20221205,122000,1116.75,1117.19,1116.75,1117.19,0,0
^OMXR,5,20221205,124000,1117.56,1117.56,1117.56,1117.56,0,0
^OMXR,5,20221205,124500,1117.19,1117.19,1117.19,1117.19,0,0
^OMXR,5,20221205,130000,1114.97,1114.97,1114.53,1114.53,0,0
^OMXR,5,20221205,132000,1117.05,1117.05,1117.05,1117.05,0,0
^OMXR,5,20221205,132500,1117.06,1117.06,1117.06,1117.06,0,0
^OMXR,5,20221205,133000,1118.32,1118.32,1118.32,1118.32,0,0
^OMXR,5,20221205,133500,1119.04,1119.04,1119.04,1119.04,0,0
^OMXR,5,20221205,140000,1117.78,1118.15,1117.78,1118.15,0,0
^OMXR,5,20221205,143000,1119.41,1119.41,1119.41,1119.41,0,0
^OMXR,5,20221205,144500,1119.78,1119.78,1119.78,1119.78,0,0
^OMXR,5,20221205,145500,1119.76,1119.76,1119.76,1119.76,0,0
^OMXR,5,20221206,090000,1119.86,1119.86,1119.86,1119.86,0,0
^OMXR,5,20221206,091000,1120.41,1120.85,1120.41,1120.85,0,0
^OMXR,5,20221206,091500,1120.8,1120.8,1120.8,1120.8,0,0
^OMXR,5,20221206,092000,1120.85,1121.76,1120.85,1121.75,0,0
^OMXR,5,20221206,093500,1121.98,1121.98,1121.98,1121.98,0,0
^OMXR,5,20221206,095500,1119.31,1119.31,1119.31,1119.31,0,0
^OMXR,5,20221206,100000,1121.31,1121.75,1121.31,1121.75,0,0
^OMXR,5,20221206,100500,1122.88,1125.63,1122.88,1125.63,0,0
^OMXR,5,20221206,101000,1126.35,1127.48,1126.35,1127.48,0,0
^OMXR,5,20221206,101500,1127.7,1127.7,1127.7,1127.7,0,0
^OMXR,5,20221206,103500,1127.48,1127.48,1127.48,1127.48,0,0
^OMXR,5,20221206,104000,1126.35,1126.35,1126.35,1126.35,0,0
^OMXR,5,20221206,104500,1127.25,1127.25,1127.25,1127.25,0,0
^OMXR,5,20221206,105000,1129.78,1129.78,1129.78,1129.78,0,0
^OMXR,5,20221206,111000,1129.5,1129.5,1129.5,1129.5,0,0
^OMXR,5,20221206,111500,1129.95,1129.95,1129.95,1129.95,0,0
^OMXR,5,20221206,112000,1129.73,1129.73,1128.99,1128.99,0,0
^OMXR,5,20221206,113500,1129.08,1129.08,1129.08,1129.08,0,0
^OMXR,5,20221206,114000,1129.45,1129.45,1129.45,1129.45,0,0
^OMXR,5,20221206,115500,1126.97,1126.97,1126.97,1126.97,0,0
^OMXR,5,20221206,120500,1129.22,1129.22,1129.22,1129.22,0,0
^OMXR,5,20221206,121500,1129.75,1129.75,1129.4,1129.4,0,0
^OMXR,5,20221206,122500,1130.12,1130.12,1130.12,1130.12,0,0
^OMXR,5,20221206,125000,1130.04,1130.04,1130.04,1130.04,0,0
^OMXR,5,20221206,132500,1131.3,1131.3,1131.3,1131.3,0,0
^OMXR,5,20221206,133500,1131.62,1131.62,1131.62,1131.62,0,0
^OMXR,5,20221206,140500,1130.72,1130.72,1130.72,1130.72,0,0
^OMXR,5,20221206,145500,1130.35,1130.35,1130.35,1130.35,0,0
^OMXR,5,20221207,090000,1125.68,1125.68,1125.68,1125.68,0,0
^OMXR,5,20221207,090500,1125.39,1131.69,1125.39,1131.69,0,0
^OMXR,5,20221207,091500,1131.92,1131.92,1131.92,1131.92,0,0
^OMXR,5,20221207,093000,1131.45,1131.45,1131.45,1131.45,0,0
^OMXR,5,20221207,094000,1131.6,1131.6,1129.38,1129.38,0,0
^OMXR,5,20221207,095500,1128.94,1128.94,1127.6,1127.6,0,0
^OMXR,5,20221207,100500,1127.23,1127.81,1127.23,1127.81,0,0
^OMXR,5,20221207,101000,1128.26,1128.26,1125.73,1125.73,0,0
^OMXR,5,20221207,101500,1128.26,1128.26,1128.26,1128.26,0,0
^OMXR,5,20221207,102500,1128.4,1128.4,1128.4,1128.4,0,0
^OMXR,5,20221207,103500,1128.85,1128.85,1128.85,1128.85,0,0
^OMXR,5,20221207,110000,1128.76,1131.28,1128.76,1131.28,0,0
^OMXR,5,20221207,111500,1131.38,1131.38,1131.38,1131.38,0,0
^OMXR,5,20221207,112000,1130.93,1130.93,1130.93,1130.93,0,0
^OMXR,5,20221207,113500,1131.16,1131.16,1131.16,1131.16,0,0
^OMXR,5,20221207,115500,1130.93,1130.93,1130.93,1130.93,0,0
^OMXR,5,20221207,121500,1135.98,1135.98,1135.98,1135.98,0,0
^OMXR,5,20221207,122000,1137.24,1137.24,1137.24,1137.24,0,0
^OMXR,5,20221207,122500,1142.28,1142.28,1142.28,1142.28,0,0
^OMXR,5,20221207,123000,1143.77,1143.77,1143.77,1143.77,0,0
^OMXR,5,20221207,132000,1137.46,1137.46,1137.46,1137.46,0,0
^OMXR,5,20221207,134500,1137.09,1137.09,1137.09,1137.09,0,0
^OMXR,5,20221207,135500,1136.87,1137.09,1136.87,1137.09,0,0
^OMXR,5,20221207,140500,1136.64,1136.64,1136.64,1136.64,0,0
^OMXR,5,20221207,143500,1137.09,1137.09,1137.09,1137.09,0,0
^OMXR,5,20221208,090000,1137.32,1137.32,1132.27,1132.27,0,0
^OMXR,5,20221208,090500,1132.64,1132.64,1132.64,1132.64,0,0
^OMXR,5,20221208,091000,1132.27,1132.27,1132.27,1132.27,0,0
^OMXR,5,20221208,091500,1130.5,1130.5,1130.5,1130.5,0,0
^OMXR,5,20221208,092500,1134.28,1134.28,1134.28,1134.28,0,0
^OMXR,5,20221208,094000,1135.17,1135.61,1135.17,1135.61,0,0
^OMXR,5,20221208,100000,1135.16,1135.16,1135.16,1135.16,0,0
^OMXR,5,20221208,101500,1134.79,1134.79,1134.79,1134.79,0,0
^OMXR,5,20221208,102500,1134.57,1134.57,1134.57,1134.57,0,0
^OMXR,5,20221208,103500,1134.94,1134.94,1134.94,1134.94,0,0
^OMXR,5,20221208,105000,1135.31,1135.53,1135.31,1135.53,0,0
^OMXR,5,20221208,105500,1135.98,1135.98,1135.98,1135.98,0,0
^OMXR,5,20221208,112000,1135.08,1135.08,1135.08,1135.08,0,0
^OMXR,5,20221208,112500,1135.06,1135.06,1135.06,1135.06,0,0
^OMXR,5,20221208,114000,1135.96,1135.96,1135.96,1135.96,0,0
^OMXR,5,20221208,120500,1135.59,1135.59,1135.59,1135.59,0,0
^OMXR,5,20221208,121000,1135.96,1135.96,1135.96,1135.96,0,0
^OMXR,5,20221208,124000,1135.59,1135.59,1135.5,1135.5,0,0
^OMXR,5,20221208,131000,1136.03,1136.03,1136.03,1136.03,0,0
^OMXR,5,20221208,132500,1135.8,1135.8,1135.8,1135.8,0,0
^OMXR,5,20221208,134000,1135.06,1135.06,1135.06,1135.06,0,0
^OMXR,5,20221208,141000,1135.08,1135.08,1135.08,1135.08,0,0
^OMXR,5,20221208,142000,1136.19,1136.19,1136.19,1136.19,0,0
^OMXR,5,20221208,145500,1134.71,1134.71,1134.61,1134.61,0,0
^OMXR,5,20221209,090000,1134.7,1134.7,1134.7,1134.7,0,0
^OMXR,5,20221209,090500,1134.88,1134.88,1134.88,1134.88,0,0
^OMXR,5,20221209,091000,1136.14,1136.14,1136.14,1136.14,0,0
^OMXR,5,20221209,094000,1137.62,1137.62,1137.25,1137.25,0,0
^OMXR,5,20221209,094500,1137.3,1137.3,1137.3,1137.3,0,0
^OMXR,5,20221209,101500,1143.61,1143.61,1143.61,1143.61,0,0
^OMXR,5,20221209,102000,1143.43,1143.43,1143.43,1143.43,0,0
^OMXR,5,20221209,102500,1143.15,1143.6,1143.15,1143.6,0,0
^OMXR,5,20221209,103000,1143.71,1143.71,1143.71,1143.71,0,0
^OMXR,5,20221209,110000,1143.26,1143.26,1143.26,1143.26,0,0
^OMXR,5,20221209,112500,1143.16,1143.16,1143.16,1143.16,0,0
^OMXR,5,20221209,113500,1149.47,1149.47,1149.47,1149.47,0,0
^OMXR,5,20221209,115000,1149.7,1149.7,1149.7,1149.7,0,0
^OMXR,5,20221209,115500,1130.77,1130.77,1130.77,1130.77,0,0
^OMXR,5,20221209,130000,1130.55,1130.99,1130.55,1130.99,0,0
^OMXR,5,20221209,131000,1131.44,1131.44,1131.44,1131.44,0,0
^OMXR,5,20221209,131500,1130.25,1130.25,1130.25,1130.25,0,0
^OMXR,5,20221209,135500,1132.04,1132.04,1132.04,1132.04,0,0
^OMXR,5,20221209,140000,1131.6,1131.6,1131.6,1131.6,0,0
^OMXR,5,20221209,141500,1131.73,1131.73,1131.73,1131.73,0,0
^OMXR,5,20221209,142000,1131.82,1131.82,1131.82,1131.82,0,0
^OMXR,5,20221209,143000,1131.69,1131.69,1131.69,1131.69,0,0
^OMXR,5,20221212,090000,1132.13,1132.81,1132.13,1132.81,0,0
^OMXR,5,20221212,092000,1133.04,1133.04,1132.81,1132.81,0,0
^OMXR,5,20221212,092500,1132.72,1132.72,1132.72,1132.72,0,0
^OMXR,5,20221212,093000,1132.27,1132.72,1132.27,1132.72,0,0
^OMXR,5,20221212,094000,1132.85,1132.85,1132.85,1132.85,0,0
^OMXR,5,20221212,094500,1139.16,1139.16,1139.16,1139.16,0,0
^OMXR,5,20221212,095000,1149.62,1149.62,1148.94,1148.94,0,0
^OMXR,5,20221212,100000,1149.17,1149.17,1149.14,1149.14,0,0
^OMXR,5,20221212,100500,1148.93,1148.93,1148.93,1148.93,0,0
^OMXR,5,20221212,101500,1151.45,1151.45,1151.45,1151.45,0,0
^OMXR,5,20221212,102000,1150.34,1150.34,1150.34,1150.34,0,0
^OMXR,5,20221212,103000,1150.12,1150.57,1150.12,1150.57,0,0
^OMXR,5,20221212,105500,1150.2,1150.2,1150.2,1150.2,0,0
^OMXR,5,20221212,110000,1150.43,1150.43,1150.43,1150.43,0,0
^OMXR,5,20221212,111000,1150.2,1150.2,1150.2,1150.2,0,0
^OMXR,5,20221212,113000,1150.11,1150.11,1150.11,1150.11,0,0
^OMXR,5,20221212,120500,1150.15,1150.15,1150.15,1150.15,0,0
^OMXR,5,20221212,121000,1150.52,1150.52,1150.52,1150.52,0,0
^OMXR,5,20221212,124000,1151.26,1151.26,1151.26,1151.26,0,0
^OMXR,5,20221212,130000,1144.96,1144.96,1144.96,1144.96,0,0
^OMXR,5,20221212,131000,1144.51,1144.51,1144.51,1144.51,0,0
^OMXR,5,20221212,132500,1144.06,1144.51,1144.06,1144.51,0,0
^OMXR,5,20221212,133500,1145.18,1145.27,1145.18,1145.27,0,0
^OMXR,5,20221212,134000,1157.89,1164.2,1157.89,1164.2,0,0
^OMXR,5,20221212,134500,1158.11,1158.34,1158.11,1158.34,0,0
^OMXR,5,20221212,135000,1157.89,1157.89,1157.89,1157.89,0,0
^OMXR,5,20221212,140000,1157.66,1157.66,1157.66,1157.66,0,0
^OMXR,5,20221212,140500,1156.98,1156.98,1156.98,1156.98,0,0
^OMXR,5,20221212,142500,1157.89,1157.89,1157.89,1157.89,0,0
^OMXR,5,20221212,143000,1152.84,1152.84,1152.84,1152.84,0,0
^OMXR,5,20221212,144000,1153.07,1153.07,1153.07,1153.07,0,0
^OMXR,5,20221213,090000,1153.07,1153.07,1152.62,1152.62,0,0
^OMXR,5,20221213,092000,1152.4,1152.62,1151.36,1151.36,0,0
^OMXR,5,20221213,093000,1151.27,1151.27,1148.29,1148.29,0,0
^OMXR,5,20221213,094000,1148.07,1148.07,1148.07,1148.07,0,0
^OMXR,5,20221213,094500,1149.2,1149.2,1149.2,1149.2,0,0
^OMXR,5,20221213,095000,1148.07,1148.07,1148.07,1148.07,0,0
^OMXR,5,20221213,100000,1148.29,1149.2,1148.29,1149.2,0,0
^OMXR,5,20221213,100500,1148.07,1149.2,1148.07,1149.2,0,0
^OMXR,5,20221213,101500,1148.29,1148.29,1148.29,1148.29,0,0
^OMXR,5,20221213,103000,1148.75,1148.75,1148.75,1148.75,0,0
^OMXR,5,20221213,104500,1148.29,1148.29,1144.96,1144.96,0,0
^OMXR,5,20221213,110000,1151.27,1157.58,1151.27,1157.58,0,0
^OMXR,5,20221213,111500,1157.12,1157.12,1157.12,1157.12,0,0
^OMXR,5,20221213,112000,1162.17,1162.17,1162.17,1162.17,0,0
^OMXR,5,20221213,112500,1161.73,1161.73,1161.36,1161.36,0,0
^OMXR,5,20221213,113000,1144.96,1144.96,1144.96,1144.96,0,0
^OMXR,5,20221213,113500,1145.41,1145.41,1145.41,1145.41,0,0
^OMXR,5,20221213,115000,1144.96,1144.96,1144.96,1144.96,0,0
^OMXR,5,20221213,120000,1161.36,1162.62,1161.36,1162.62,0,0
^OMXR,5,20221213,121000,1163.07,1163.07,1163.07,1163.07,0,0
^OMXR,5,20221213,125500,1162.98,1162.98,1162.89,1162.89,0,0
^OMXR,5,20221213,130000,1163.34,1163.34,1163.34,1163.34,0,0
^OMXR,5,20221213,130500,1163.11,1163.11,1162.43,1162.43,0,0
^OMXR,5,20221213,132500,1162.89,1162.89,1162.89,1162.89,0,0
^OMXR,5,20221213,133000,1149.82,1149.82,1149.82,1149.82,0,0
^OMXR,5,20221213,134000,1150,1150,1150,1150,0,0
^OMXR,5,20221213,143000,1150.09,1150.09,1150.09,1150.09,0,0
^OMXR,5,20221213,144000,1150.98,1150.98,1150.98,1150.98,0,0
^OMXR,5,20221214,090000,1150.98,1150.98,1150.98,1150.98,0,0
^OMXR,5,20221214,091000,1151.43,1151.43,1151.43,1151.43,0,0
^OMXR,5,20221214,092000,1151.34,1151.34,1151.34,1151.34,0,0
^OMXR,5,20221214,092500,1151.15,1170.08,1151.15,1170.08,0,0
^OMXR,5,20221214,093000,1176.38,1176.38,1176.38,1176.38,0,0
^OMXR,5,20221214,093500,1176.75,1176.75,1176.75,1176.75,0,0
^OMXR,5,20221214,094000,1157.83,1157.83,1157.83,1157.83,0,0
^OMXR,5,20221214,095500,1157.09,1157.09,1157.09,1157.09,0,0
^OMXR,5,20221214,101500,1157.46,1157.46,1157.09,1157.09,0,0
^OMXR,5,20221214,111500,1157.46,1157.46,1157.46,1157.46,0,0
^OMXR,5,20221214,112000,1157.69,1157.69,1157.69,1157.69,0,0
^OMXR,5,20221214,113000,1157.46,1157.46,1157.46,1157.46,0,0
^OMXR,5,20221214,114000,1157.91,1157.91,1157.91,1157.91,0,0
^OMXR,5,20221214,122000,1157.92,1157.92,1157.92,1157.92,0,0
^OMXR,5,20221214,123000,1157.55,1157.55,1157.55,1157.55,0,0
^OMXR,5,20221214,123500,1155.03,1155.03,1155.03,1155.03,0,0
^OMXR,5,20221214,125000,1157.55,1158.81,1157.55,1158.81,0,0
^OMXR,5,20221214,132000,1157.55,1157.55,1157.55,1157.55,0,0
^OMXR,5,20221214,135000,1157.92,1157.92,1157.92,1157.92,0,0
^OMXR,5,20221214,140000,1157.03,1157.03,1154.51,1154.51,0,0
^OMXR,5,20221214,140500,1150.72,1150.72,1150.72,1150.72,0,0
^OMXR,5,20221214,141000,1149.46,1149.46,1149.46,1149.46,0,0
^OMXR,5,20221214,142500,1149.64,1149.64,1149.64,1149.64,0,0
^OMXR,5,20221214,143500,1150.91,1150.91,1150.91,1150.91,0,0
^OMXR,5,20221214,144000,1157.21,1157.21,1157.21,1157.21,0,0
^OMXR,5,20221214,144500,1156.76,1156.76,1156.76,1156.76,0,0
^OMXR,5,20221215,090000,1156.49,1156.49,1156.49,1156.49,0,0
^OMXR,5,20221215,090500,1156.4,1156.4,1156.4,1156.4,0,0
^OMXR,5,20221215,092000,1155.95,1155.95,1155.95,1155.95,0,0
^OMXR,5,20221215,092500,1166.04,1166.04,1166.04,1166.04,0,0
^OMXR,5,20221215,094000,1166.13,1166.13,1166.13,1166.13,0,0
^OMXR,5,20221215,101000,1166.11,1166.11,1166.08,1166.08,0,0
^OMXR,5,20221215,101500,1166.09,1166.09,1163.22,1163.22,0,0
^OMXR,5,20221215,102000,1163.2,1163.2,1162.83,1162.83,0,0
^OMXR,5,20221215,103000,1163.09,1163.09,1163.09,1163.09,0,0
^OMXR,5,20221215,104000,1163.07,1163.07,1161.79,1161.79,0,0
^OMXR,5,20221215,104500,1162.01,1162.01,1162.01,1162.01,0,0
^OMXR,5,20221215,110000,1163.27,1163.27,1163.27,1163.27,0,0
^OMXR,5,20221215,110500,1163.05,1163.42,1163.05,1163.42,0,0
^OMXR,5,20221215,111500,1163.64,1163.64,1163.64,1163.64,0,0
^OMXR,5,20221215,112000,1163.62,1163.62,1162.9,1162.9,0,0
^OMXR,5,20221215,112500,1162.68,1162.68,1162.68,1162.68,0,0
^OMXR,5,20221215,113500,1163.4,1163.4,1163.4,1163.4,0,0
^OMXR,5,20221215,114500,1163.44,1163.44,1163.44,1163.44,0,0
^OMXR,5,20221215,120500,1162.99,1163.01,1162.99,1163.01,0,0
^OMXR,5,20221215,121500,1163.68,1163.68,1163.68,1163.68,0,0
^OMXR,5,20221215,122000,1163.23,1163.23,1162.81,1162.81,0,0
^OMXR,5,20221215,122500,1161.22,1161.67,1161.22,1161.67,0,0
^OMXR,5,20221215,130000,1162.56,1162.56,1162.56,1162.56,0,0
^OMXR,5,20221215,140500,1162.5,1162.5,1162.48,1162.48,0,0
^OMXR,5,20221215,141000,1162.28,1162.28,1162.28,1162.28,0,0
^OMXR,5,20221215,141500,1162.48,1162.48,1162.48,1162.48,0,0
^OMXR,5,20221215,142500,1158.7,1158.7,1158.7,1158.7,0,0
^OMXR,5,20221215,143000,1159.6,1159.6,1159.6,1159.6,0,0
^OMXR,5,20221215,145000,1155.81,1155.81,1155.81,1155.81,0,0
^OMXR,5,20221216,090000,1159.23,1159.23,1159.23,1159.23,0,0
^OMXR,5,20221216,091500,1158.86,1158.86,1158.72,1158.72,0,0
^OMXR,5,20221216,092000,1158.49,1158.49,1158.49,1158.49,0,0
^OMXR,5,20221216,093500,1158.26,1158.26,1158.26,1158.26,0,0
^OMXR,5,20221216,094000,1156.93,1156.93,1156.93,1156.93,0,0
^OMXR,5,20221216,094500,1156.49,1156.49,1156.49,1156.49,0,0
^OMXR,5,20221216,095500,1155.23,1156.49,1155.23,1156.49,0,0
^OMXR,5,20221216,100000,1159.37,1159.37,1159.37,1159.37,0,0
^OMXR,5,20221216,100500,1159.6,1159.6,1159.6,1159.6,0,0
^OMXR,5,20221216,101000,1158.34,1158.34,1158.34,1158.34,0,0
^OMXR,5,20221216,102000,1158.78,1158.78,1158.78,1158.78,0,0
^OMXR,5,20221216,103000,1158.55,1158.55,1158.55,1158.55,0,0
^OMXR,5,20221216,103500,1158.92,1158.92,1158.92,1158.92,0,0
^OMXR,5,20221216,104000,1159.32,1159.32,1159.32,1159.32,0,0
^OMXR,5,20221216,110500,1159.55,1159.55,1159.55,1159.55,0,0
^OMXR,5,20221216,114000,1159.92,1159.97,1159.92,1159.97,0,0
^OMXR,5,20221216,114500,1161.23,1161.23,1161.23,1161.23,0,0
^OMXR,5,20221216,115500,1160.86,1160.86,1160.86,1160.86,0,0
^OMXR,5,20221216,120000,1154.56,1154.56,1154.33,1154.33,0,0
^OMXR,5,20221216,120500,1153.96,1153.96,1153.96,1153.96,0,0
^OMXR,5,20221216,122000,1154.41,1154.41,1154.41,1154.41,0,0
^OMXR,5,20221216,122500,1159.46,1160.72,1159.46,1160.72,0,0
^OMXR,5,20221216,123000,1160.5,1160.5,1160.5,1160.5,0,0
^OMXR,5,20221216,124500,1161.38,1161.75,1161.38,1161.75,0,0
^OMXR,5,20221216,132000,1161.73,1161.73,1161.73,1161.73,0,0
^OMXR,5,20221216,132500,1160.29,1160.29,1159.4,1159.4,0,0
^OMXR,5,20221216,133500,1159.77,1159.77,1159.77,1159.77,0,0
^OMXR,5,20221216,134500,1161.55,1161.55,1160.29,1160.29,0,0
^OMXR,5,20221216,140500,1159.2,1159.2,1159.2,1159.2,0,0
^OMXR,5,20221216,141000,1160.36,1160.36,1160.36,1160.36,0,0
^OMXR,5,20221216,142500,1161.81,1161.81,1160.92,1160.92,0,0
^OMXR,5,20221216,144500,1161.29,1161.29,1161.29,1161.29,0,0
^OMXR,5,20221216,145000,1160.92,1161.29,1160.92,1161.29,0,0
^OMXR,5,20221219,090000,1163.28,1163.28,1163.28,1163.28,0,0
^OMXR,5,20221219,090500,1162.83,1163.28,1162.83,1163.28,0,0
^OMXR,5,20221219,091500,1163.51,1163.51,1163.51,1163.51,0,0
^OMXR,5,20221219,092000,1163.28,1163.28,1163.28,1163.28,0,0
^OMXR,5,20221219,093000,1161.43,1162.54,1161.43,1162.54,0,0
^OMXR,5,20221219,094500,1162.77,1162.77,1162.77,1162.77,0,0
^OMXR,5,20221219,095000,1162.9,1162.9,1162.9,1162.9,0,0
^OMXR,5,20221219,100000,1162.44,1162.44,1162.44,1162.44,0,0
^OMXR,5,20221219,101500,1161.99,1161.99,1161.99,1161.99,0,0
^OMXR,5,20221219,102500,1162.35,1162.35,1162.35,1162.35,0,0
^OMXR,5,20221219,103500,1162.8,1162.8,1162.35,1162.35,0,0
^OMXR,5,20221219,104000,1162.32,1162.77,1162.32,1162.77,0,0
^OMXR,5,20221219,110500,1163.14,1163.14,1163.14,1163.14,0,0
^OMXR,5,20221219,112000,1162.54,1162.54,1162.54,1162.54,0,0
^OMXR,5,20221219,113000,1162.1,1162.47,1162.1,1162.47,0,0
^OMXR,5,20221219,113500,1162.1,1162.1,1162.1,1162.1,0,0
^OMXR,5,20221219,114000,1161.46,1161.46,1161.46,1161.46,0,0
^OMXR,5,20221219,115000,1160.74,1160.74,1154.43,1160.74,0,0
^OMXR,5,20221219,120000,1161.18,1161.18,1161.18,1161.18,0,0
^OMXR,5,20221219,123000,1155.24,1155.24,1155.24,1155.24,0,0
^OMXR,5,20221219,123500,1155.02,1155.02,1155.02,1155.02,0,0
^OMXR,5,20221219,124000,1155.24,1155.24,1155.24,1155.24,0,0
^OMXR,5,20221219,130000,1155.02,1155.02,1155.02,1155.02,0,0
^OMXR,5,20221219,130500,1155.24,1155.24,1155.24,1155.24,0,0
^OMXR,5,20221219,131000,1154.79,1154.79,1154.79,1154.79,0,0
^OMXR,5,20221219,133000,1154.42,1154.42,1154.42,1154.42,0,0
^OMXR,5,20221219,133500,1154.79,1154.79,1154.79,1154.79,0,0
^OMXR,5,20221219,135500,1154.42,1154.42,1154.42,1154.42,0,0
^OMXR,5,20221219,140000,1154.2,1154.42,1154.2,1154.42,0,0
^OMXR,5,20221219,142000,1153.98,1154.42,1153.98,1154.42,0,0
^OMXR,5,20221219,144500,1155.06,1155.06,1155.06,1155.06,0,0
^OMXR,5,20221219,145500,1154.69,1154.69,1154.69,1154.69,0,0
^OMXR,5,20221220,090000,1154.69,1154.69,1154.69,1154.69,0,0
^OMXR,5,20221220,090500,1155.15,1155.15,1154.41,1154.41,0,0
^OMXR,5,20221220,091500,1160.75,1160.75,1160.29,1160.29,0,0
^OMXR,5,20221220,092500,1159.18,1160.66,1159.18,1160.66,0,0
^OMXR,5,20221220,093000,1159.32,1159.32,1159.32,1159.32,0,0
^OMXR,5,20221220,093500,1159.55,1159.92,1159.18,1159.92,0,0
^OMXR,5,20221220,095000,1159.18,1159.18,1159.18,1159.18,0,0
^OMXR,5,20221220,095500,1158.81,1158.81,1158.81,1158.81,0,0
^OMXR,5,20221220,100000,1159.55,1159.55,1159.55,1159.55,0,0
^OMXR,5,20221220,101000,1158.21,1158.21,1156.04,1156.04,0,0
^OMXR,5,20221220,102000,1158.94,1158.94,1158.94,1158.94,0,0
^OMXR,5,20221220,103500,1159.39,1159.39,1159.39,1159.39,0,0
^OMXR,5,20221220,111500,1153.06,1153.06,1153.06,1153.06,0,0
^OMXR,5,20221220,112000,1152.83,1152.83,1152.15,1152.15,0,0
^OMXR,5,20221220,114000,1153.06,1153.06,1153.06,1153.06,0,0
^OMXR,5,20221220,120500,1153.43,1153.43,1153.43,1153.43,0,0
^OMXR,5,20221220,121000,1152.98,1152.98,1152.98,1152.98,0,0
^OMXR,5,20221220,122000,1152.76,1152.76,1152.76,1152.76,0,0
^OMXR,5,20221220,124000,1152.98,1152.98,1152.98,1152.98,0,0
^OMXR,5,20221220,124500,1152.96,1152.96,1152.96,1152.96,0,0
^OMXR,5,20221220,125500,1153.34,1153.34,1153.34,1153.34,0,0
^OMXR,5,20221220,131500,1153.36,1153.36,1153.36,1153.36,0,0
^OMXR,5,20221220,133000,1152.91,1152.91,1152.91,1152.91,0,0
^OMXR,5,20221220,140000,1153.14,1153.14,1153.14,1153.14,0,0
^OMXR,5,20221220,141000,1152.95,1152.95,1152.95,1152.95,0,0
^OMXR,5,20221220,142000,1152.73,1152.73,1152.73,1152.73,0,0
^OMXR,5,20221220,143500,1157.79,1157.79,1157.79,1157.79,0,0
^OMXR,5,20221220,145000,1152.73,1152.73,1152.73,1152.73,0,0
^OMXR,5,20221220,145500,1152.95,1152.95,1152.95,1152.95,0,0
^OMXR,5,20221221,090000,1154.96,1155.41,1154.96,1155.41,0,0
^OMXR,5,20221221,092000,1161.75,1161.75,1161.75,1161.75,0,0
^OMXR,5,20221221,092500,1161.52,1161.52,1161.52,1161.52,0,0
^OMXR,5,20221221,095500,1161.15,1161.15,1161.15,1161.15,0,0
^OMXR,5,20221221,101500,1161.37,1161.37,1161.37,1161.37,0,0
^OMXR,5,20221221,103500,1161.15,1161.15,1161.15,1161.15,0,0
^OMXR,5,20221221,105000,1161.37,1161.37,1161.37,1161.37,0,0
^OMXR,5,20221221,105500,1159.73,1159.73,1159.73,1159.73,0,0
^OMXR,5,20221221,111500,1159.5,1159.5,1159.5,1159.5,0,0
^OMXR,5,20221221,112500,1159.28,1159.28,1159.28,1159.28,0,0
^OMXR,5,20221221,121500,1159.73,1159.73,1159.73,1159.73,0,0
^OMXR,5,20221221,123500,1159.36,1159.73,1159.36,1159.73,0,0
^OMXR,5,20221221,124000,1159.36,1159.73,1159.36,1159.73,0,0
^OMXR,5,20221221,125000,1159.5,1159.5,1159.5,1159.5,0,0
^OMXR,5,20221221,130500,1159.28,1159.28,1159.28,1159.28,0,0
^OMXR,5,20221221,140000,1159.5,1159.5,1159.5,1159.5,0,0
^OMXR,5,20221221,141000,1159.69,1159.69,1159.69,1159.69,0,0
^OMXR,5,20221221,144000,1158.8,1159.54,1158.8,1159.54,0,0
^OMXR,5,20221222,090000,1161.36,1162.27,1161.36,1162.27,0,0
^OMXR,5,20221222,090500,1162.04,1162.04,1162.04,1162.04,0,0
^OMXR,5,20221222,092000,1162.42,1162.42,1155.19,1155.19,0,0
^OMXR,5,20221222,093000,1148.85,1148.85,1129.85,1148.85,0,0
^OMXR,5,20221222,094000,1148.4,1148.4,1148.4,1148.4,0,0
^OMXR,5,20221222,094500,1148.49,1148.49,1148.49,1148.49,0,0
^OMXR,5,20221222,095500,1147.81,1147.81,1147.81,1147.81,0,0
^OMXR,5,20221222,104000,1148.26,1148.26,1148.26,1148.26,0,0
^OMXR,5,20221222,104500,1154.23,1154.23,1154.23,1154.23,0,0
^OMXR,5,20221222,105000,1154.97,1154.97,1154.97,1154.97,0,0
^OMXR,5,20221222,113000,1154.74,1154.74,1154.74,1154.74,0,0
^OMXR,5,20221222,113500,1154.97,1154.97,1154.97,1154.97,0,0
^OMXR,5,20221222,124000,1142.3,1142.3,1142.3,1142.3,0,0
^OMXR,5,20221222,130500,1129.63,1129.63,1129.63,1129.63,0,0
^OMXR,5,20221222,132000,1129.65,1129.65,1129.65,1129.65,0,0
^OMXR,5,20221222,143500,1129.42,1129.42,1129.42,1129.42,0,0
^OMXR,5,20221223,090000,1147.82,1147.82,1147.59,1147.59,0,0
^OMXR,5,20221223,092000,1147.4,1147.4,1147.4,1147.4,0,0
^OMXR,5,20221223,092500,1147.03,1147.03,1147.03,1147.03,0,0
^OMXR,5,20221223,094000,1147.26,1147.26,1147.26,1147.26,0,0
^OMXR,5,20221223,100500,1147.03,1147.03,1147.03,1147.03,0,0
^OMXR,5,20221223,101000,1147.26,1147.26,1147.26,1147.26,0,0
^OMXR,5,20221223,102000,1128.22,1128.22,1128.22,1128.22,0,0
^OMXR,5,20221223,105500,1127.49,1127.49,1127.49,1127.49,0,0
^OMXR,5,20221223,110000,1127.72,1141.46,1127.72,1141.46,0,0
^OMXR,5,20221223,110500,1141.68,1141.68,1141.68,1141.68,0,0
^OMXR,5,20221223,111500,1142.06,1142.06,1142.06,1142.06,0,0
^OMXR,5,20221223,115500,1141.83,1141.83,1141.83,1141.83,0,0
^OMXR,5,20221223,120000,1141.61,1141.61,1141.61,1141.61,0,0
^OMXR,5,20221223,121500,1141.42,1141.42,1141.42,1141.42,0,0
^OMXR,5,20221223,124500,1141.65,1141.65,1141.65,1141.65,0,0
^OMXR,5,20221223,131500,1140.38,1140.38,1140.38,1140.38,0,0
^OMXR,5,20221223,135500,1140.61,1140.61,1140.61,1140.61,0,0
^OMXR,5,20221223,140000,1140.38,1140.38,1140.38,1140.38,0,0
^OMXR,5,20221223,142500,1140.61,1140.61,1140.61,1140.61,0,0
^OMXR,5,20221227,090000,1147.14,1147.14,1147.13,1147.13,0,0
^OMXR,5,20221227,090500,1125.55,1125.55,1125.55,1125.55,0,0
^OMXR,5,20221227,091000,1125.33,1126.9,1125.33,1126.9,0,0
^OMXR,5,20221227,093500,1126.45,1154.37,1126.45,1154.37,0,0
^OMXR,5,20221227,094500,1156.91,1156.91,1156.69,1156.69,0,0
^OMXR,5,20221227,095500,1157.13,1157.36,1157.13,1157.36,0,0
^OMXR,5,20221227,100000,1157.81,1157.81,1157.81,1157.81,0,0
^OMXR,5,20221227,101000,1156.91,1156.91,1156.91,1156.91,0,0
^OMXR,5,20221227,101500,1156.69,1156.91,1156.69,1156.91,0,0
^OMXR,5,20221227,102000,1141.68,1141.68,1141.68,1141.68,0,0
^OMXR,5,20221227,103000,1141.23,1141.23,1141.23,1141.23,0,0
^OMXR,5,20221227,103500,1141.27,1141.72,1141.27,1141.72,0,0
^OMXR,5,20221227,113000,1141.68,1142.58,1141.68,1142.58,0,0
^OMXR,5,20221227,114000,1141.68,1141.68,1141.23,1141.23,0,0
^OMXR,5,20221227,114500,1142.13,1142.13,1142.13,1142.13,0,0
^OMXR,5,20221227,115500,1142.13,1142.13,1142.13,1142.13,0,0
^OMXR,5,20221227,122000,1141.91,1142.13,1141.68,1142.13,0,0
^OMXR,5,20221227,122500,1142.13,1142.15,1142.13,1142.15,0,0
^OMXR,5,20221227,124000,1141.87,1141.87,1141.78,1141.78,0,0
^OMXR,5,20221227,125500,1141.87,1141.87,1141.87,1141.87,0,0
^OMXR,5,20221227,131500,1142.32,1142.32,1142.32,1142.32,0,0
^OMXR,5,20221227,132000,1157.55,1157.55,1157.55,1157.55,0,0
^OMXR,5,20221227,141000,1157.83,1157.83,1157.6,1157.6,0,0
^OMXR,5,20221227,142500,1158.05,1158.05,1158.05,1158.05,0,0
^OMXR,5,20221227,143500,1158.27,1158.27,1158.27,1158.27,0,0
^OMXR,5,20221227,145000,1157.9,1157.9,1157.67,1157.67,0,0
^OMXR,5,20221228,090000,1157.29,1157.29,1157.29,1157.29,0,0
^OMXR,5,20221228,090500,1156.91,1156.91,1156.91,1156.91,0,0
^OMXR,5,20221228,092500,1157.29,1157.29,1155.7,1155.7,0,0
^OMXR,5,20221228,093500,1156.83,1156.83,1156.83,1156.83,0,0
^OMXR,5,20221228,094000,1155.56,1155.56,1155.56,1155.56,0,0
^OMXR,5,20221228,100000,1156.01,1156.01,1131.89,1131.89,0,0
^OMXR,5,20221228,102000,1132.34,1132.34,1132.34,1132.34,0,0
^OMXR,5,20221228,103500,1132.71,1132.71,1132.71,1132.71,0,0
^OMXR,5,20221228,104500,1132.55,1133.4,1132.55,1133.4,0,0
^OMXR,5,20221228,105000,1156.25,1156.25,1156.25,1156.25,0,0
^OMXR,5,20221228,110500,1156.52,1156.52,1156.52,1156.52,0,0
^OMXR,5,20221228,111000,1156.75,1156.75,1156.75,1156.75,0,0
^OMXR,5,20221228,113500,1155.26,1155.26,1155.26,1155.26,0,0
^OMXR,5,20221228,114000,1155.03,1155.03,1132.19,1132.19,0,0
^OMXR,5,20221228,115000,1132.41,1153.99,1132.41,1153.77,0,0
^OMXR,5,20221228,115500,1155.11,1155.11,1155.09,1155.09,0,0
^OMXR,5,20221228,122000,1154.72,1154.72,1154.72,1154.72,0,0
^OMXR,5,20221228,123000,1154.49,1154.49,1154.49,1154.49,0,0
^OMXR,5,20221228,124000,1153.6,1153.6,1153.6,1153.6,0,0
^OMXR,5,20221228,130000,1153.97,1153.97,1153.97,1153.97,0,0
^OMXR,5,20221228,130500,1153.29,1153.29,1153.29,1153.29,0,0
^OMXR,5,20221228,131500,1153.97,1153.97,1153.97,1153.97,0,0
^OMXR,5,20221228,133500,1154.2,1154.2,1154.2,1154.2,0,0
^OMXR,5,20221228,135500,1153.08,1153.08,1153.08,1153.08,0,0
^OMXR,5,20221228,140500,1152.63,1152.63,1141.2,1141.2,0,0
^OMXR,5,20221228,141000,1141.65,1142.1,1141.65,1142.1,0,0
^OMXR,5,20221228,141500,1142.55,1142.55,1142.55,1142.55,0,0
^OMXR,5,20221228,142000,1143.67,1143.67,1143.67,1143.67,0,0
^OMXR,5,20221228,144000,1143.21,1143.21,1143.21,1143.21,0,0
^OMXR,5,20221228,145000,1143.44,1143.44,1143.44,1143.44,0,0
^OMXR,5,20221228,145500,1131.79,1131.79,1131.79,1131.79,0,0
^OMXR,5,20221229,090000,1132.47,1132.47,1132.47,1132.47,0,0
^OMXR,5,20221229,090500,1132.01,1132.01,1132.01,1132.01,0,0
^OMXR,5,20221229,091500,1132.47,1132.47,1132.47,1132.47,0,0
^OMXR,5,20221229,092500,1132.24,1143.67,1132.24,1143.67,0,0
^OMXR,5,20221229,093500,1143.39,1143.39,1143.39,1143.39,0,0
^OMXR,5,20221229,094500,1143.67,1143.67,1143.67,1143.67,0,0
^OMXR,5,20221229,095500,1143.39,1143.39,1142.94,1142.94,0,0
^OMXR,5,20221229,103000,1142.72,1142.72,1142.49,1142.49,0,0
^OMXR,5,20221229,104500,1142.72,1142.72,1142.72,1142.72,0,0
^OMXR,5,20221229,110000,1142.49,1142.72,1142.49,1142.72,0,0
^OMXR,5,20221229,110500,1142.81,1142.81,1142.81,1142.81,0,0
^OMXR,5,20221229,112500,1143.25,1143.25,1143.25,1143.25,0,0
^OMXR,5,20221229,114500,1136.91,1136.91,1136.91,1136.91,0,0
^OMXR,5,20221229,124000,1137.14,1137.14,1137.14,1137.14,0,0
^OMXR,5,20221229,131000,1152.37,1152.37,1152.37,1152.37,0,0
^OMXR,5,20221229,134000,1153.64,1153.64,1153.64,1153.64,0,0
^OMXR,5,20221229,142000,1153.26,1153.26,1153.26,1153.26,0,0
^OMXR,5,20221229,143500,1153.47,1153.47,1153.47,1153.47,0,0
^OMXR,5,20221229,144000,1153.74,1153.74,1153.74,1153.74,0,0
^OMXR,5,20221230,090000,1153.74,1153.74,1153.51,1153.51,0,0
^OMXR,5,20221230,090500,1153.96,1153.96,1153.96,1153.96,0,0
^OMXR,5,20221230,100500,1153.59,1153.59,1153.59,1153.59,0,0
^OMXR,5,20221230,102000,1153.82,1153.82,1153.82,1153.82,0,0
^OMXR,5,20221230,104000,1153.37,1153.82,1153.37,1153.82,0,0
^OMXR,5,20221230,105000,1155.16,1155.16,1155.16,1155.16,0,0
^OMXR,5,20221230,110500,1154.93,1154.93,1154.93,1154.93,0,0
^OMXR,5,20221230,111500,1155.16,1155.16,1155.16,1155.16,0,0
^OMXR,5,20221230,112000,1153.37,1156.05,1152.47,1156.05,0,0
^OMXR,5,20221230,112500,1150.69,1150.69,1150.69,1150.69,0,0
^OMXR,5,20221230,121500,1151.43,1151.43,1151.43,1151.43,0,0
^OMXR,5,20221230,122000,1146.35,1146.35,1146.35,1146.35,0,0
^OMXR,5,20221230,122500,1147.96,1147.96,1147.96,1147.96,0,0
^OMXR,5,20221230,124500,1145.78,1149.8,1145.78,1149.8,0,0
^OMXR,5,20221230,125500,1149.58,1149.58,1149.58,1149.58,0,0
^OMXR,5,20221230,130500,1149.8,1149.8,1149.8,1149.8,0,0
^OMXR,5,20221230,134500,1149.36,1149.36,1149.36,1149.36,0,0
^OMXR,5,20221230,141000,1151.53,1151.53,1151.53,1151.53,0,0
^OMXR,5,20221230,145500,1152.8,1152.8,1152.8,1152.8,0,0
^OMXR,5,20230102,090000,1152.8,1152.8,1152.8,1152.8,0,0
^OMXR,5,20230102,090500,1149.9,1149.9,1149.9,1149.9,0,0
^OMXR,5,20230102,091000,1151.24,1151.24,1151.24,1151.24,0,0
^OMXR,5,20230102,092000,1149.01,1158.04,1149.01,1158.04,0,0
^OMXR,5,20230102,093000,1158.05,1158.05,1158.05,1158.05,0,0
^OMXR,5,20230102,093500,1157.61,1157.83,1157.61,1157.83,0,0
^OMXR,5,20230102,094500,1160.02,1160.02,1160.02,1160.02,0,0
^OMXR,5,20230102,100000,1160.46,1160.46,1160.46,1160.46,0,0
^OMXR,5,20230102,104500,1160.1,1160.1,1160.1,1160.1,0,0
^OMXR,5,20230102,110500,1158.83,1158.83,1158.83,1158.83,0,0
^OMXR,5,20230102,112000,1158.6,1158.6,1158.6,1158.6,0,0
^OMXR,5,20230102,114000,1158.83,1158.83,1158.83,1158.83,0,0
^OMXR,5,20230102,122500,1159.2,1159.2,1159.2,1159.2,0,0
^OMXR,5,20230102,123500,1158.74,1158.74,1158.74,1158.74,0,0
^OMXR,5,20230102,124000,1159.2,1159.2,1159.2,1159.2,0,0
^OMXR,5,20230102,130500,1155.39,1155.39,1155.39,1155.39,0,0
^OMXR,5,20230102,132000,1155.38,1155.38,1155.38,1155.38,0,0
^OMXR,5,20230102,134000,1157.92,1157.92,1157.92,1157.92,0,0
^OMXR,5,20230102,140500,1157.46,1157.92,1157.46,1157.92,0,0
^OMXR,5,20230102,141000,1157.9,1157.9,1157.9,1157.9,0,0
^OMXR,5,20230102,141500,1157.73,1157.73,1157.73,1157.73,0,0
^OMXR,5,20230103,090000,1157.46,1157.46,1157.46,1157.46,0,0
^OMXR,5,20230103,091500,1157.45,1157.45,1157.22,1157.22,0,0
^OMXR,5,20230103,092000,1158.72,1158.9,1158.72,1158.9,0,0
^OMXR,5,20230103,095500,1159.58,1159.58,1159.58,1159.58,0,0
^OMXR,5,20230103,100000,1159.75,1159.75,1159.52,1159.52,0,0
^OMXR,5,20230103,100500,1159.3,1159.52,1159.3,1159.52,0,0
^OMXR,5,20230103,101500,1160.25,1160.25,1160.25,1160.25,0,0
^OMXR,5,20230103,103500,1158.46,1158.46,1158.46,1158.46,0,0
^OMXR,5,20230103,104000,1158.69,1158.69,1158.69,1158.69,0,0
^OMXR,5,20230103,105500,1158.52,1158.52,1158.52,1158.52,0,0
^OMXR,5,20230103,111500,1159.79,1159.79,1159.42,1159.42,0,0
^OMXR,5,20230103,112500,1160.76,1160.76,1160.76,1160.76,0,0
^OMXR,5,20230103,115000,1160.67,1160.67,1160.44,1160.44,0,0
^OMXR,5,20230103,115500,1160.67,1160.69,1160.67,1160.69,0,0
^OMXR,5,20230103,120000,1159.42,1159.42,1159.42,1159.42,0,0
^OMXR,5,20230103,121000,1160.22,1160.22,1160.22,1160.22,0,0
^OMXR,5,20230103,121500,1159.99,1159.99,1159.99,1159.99,0,0
^OMXR,5,20230103,122000,1160.36,1160.36,1160.36,1160.36,0,0
^OMXR,5,20230103,122500,1160.14,1160.59,1160.14,1160.59,0,0
^OMXR,5,20230103,130500,1160.96,1160.96,1160.96,1160.96,0,0
^OMXR,5,20230103,134000,1160.07,1160.07,1160.07,1160.07,0,0
^OMXR,5,20230103,140500,1160.16,1160.16,1160.16,1160.16,0,0
^OMXR,5,20230103,141000,1159.71,1159.71,1159.71,1159.71,0,0
^OMXR,5,20230103,141500,1159.49,1159.49,1159.49,1159.49,0,0
^OMXR,5,20230103,143500,1158.76,1159.4,1158.04,1159.4,0,0
^OMXR,5,20230103,144000,1160.85,1161.08,1160.85,1161.08,0,0
^OMXR,5,20230103,145500,1161.3,1161.3,1161.3,1161.3,0,0
^OMXR,5,20230104,090000,1161.47,1161.7,1161.47,1161.7,0,0
^OMXR,5,20230104,091000,1161.24,1161.24,1161.24,1161.24,0,0
^OMXR,5,20230104,092000,1161.46,1161.46,1161.46,1161.46,0,0
^OMXR,5,20230104,093000,1161.24,1161.24,1161.24,1161.24,0,0
^OMXR,5,20230104,094500,1161.46,1161.46,1161.24,1161.24,0,0
^OMXR,5,20230104,100500,1162.51,1162.51,1162.51,1162.51,0,0
^OMXR,5,20230104,103000,1163.78,1163.78,1163.78,1163.78,0,0
^OMXR,5,20230104,111500,1163.05,1163.05,1163.05,1163.05,0,0
^OMXR,5,20230104,115500,1163.5,1163.5,1163.5,1163.5,0,0
^OMXR,5,20230104,121000,1163.05,1163.05,1163.05,1163.05,0,0
^OMXR,5,20230104,125500,1163.03,1163.03,1162.66,1162.66,0,0
^OMXR,5,20230104,131000,1164.38,1165.95,1164.38,1165.95,0,0
^OMXR,5,20230104,131500,1166.4,1166.4,1166.4,1166.4,0,0
^OMXR,5,20230104,132500,1166.17,1166.17,1166.17,1166.17,0,0
^OMXR,5,20230104,135000,1166.15,1166.15,1166.15,1166.15,0,0
^OMXR,5,20230104,140000,1166.17,1166.17,1166.17,1166.17,0,0
^OMXR,5,20230104,141500,1166.15,1166.15,1166.15,1166.15,0,0
^OMXR,5,20230104,142000,1166.52,1166.52,1166.52,1166.52,0,0
^OMXR,5,20230104,142500,1166.07,1166.07,1166.07,1166.07,0,0
^OMXR,5,20230104,143000,1165.96,1165.96,1165.59,1165.59,0,0
^OMXR,5,20230104,144500,1165.96,1165.96,1165.96,1165.96,0,0
^OMXR,5,20230104,145000,1166.18,1166.18,1166.18,1166.18,0,0
^OMXR,5,20230105,090000,1166.39,1166.39,1166.16,1166.16,0,0
^OMXR,5,20230105,090500,1166.61,1166.61,1166.61,1166.61,0,0
^OMXR,5,20230105,091000,1166.39,1169.06,1166.39,1169.06,0,0
^OMXR,5,20230105,091500,1163.98,1163.98,1163.98,1163.98,0,0
^OMXR,5,20230105,092000,1164.2,1164.2,1164.2,1164.2,0,0
^OMXR,5,20230105,092500,1164.65,1164.65,1164.42,1164.42,0,0
^OMXR,5,20230105,093000,1164.65,1164.65,1164.65,1164.65,0,0
^OMXR,5,20230105,094000,1164.2,1164.2,1163.75,1163.8,0,0
^OMXR,5,20230105,095000,1164.02,1164.02,1164.02,1164.02,0,0
^OMXR,5,20230105,095500,1162.23,1162.46,1162.23,1162.46,0,0
^OMXR,5,20230105,102500,1162.37,1162.37,1161.92,1161.92,0,0
^OMXR,5,20230105,103000,1162.37,1162.37,1162.37,1162.37,0,0
^OMXR,5,20230105,103500,1162.14,1162.14,1162.14,1162.14,0,0
^OMXR,5,20230105,105000,1161.42,1161.42,1161.42,1161.42,0,0
^OMXR,5,20230105,110500,1161.19,1161.19,1161.19,1161.19,0,0
^OMXR,5,20230105,112500,1161.42,1162.14,1161.42,1162.14,0,0
^OMXR,5,20230105,113000,1162.23,1162.6,1162.23,1162.6,0,0
^OMXR,5,20230105,115000,1162.83,1162.83,1162.83,1162.83,0,0
^OMXR,5,20230105,120000,1162.6,1162.6,1162.6,1162.6,0,0
^OMXR,5,20230105,124000,1162.23,1162.23,1162.23,1162.23,0,0
^OMXR,5,20230105,130000,1163.5,1163.5,1163.27,1163.27,0,0
^OMXR,5,20230105,140000,1163.5,1166.76,1163.5,1166.76,0,0
^OMXR,5,20230105,141000,1166.99,1166.99,1166.99,1166.99,0,0
^OMXR,5,20230105,142000,1166.76,1166.76,1166.76,1166.76,0,0
^OMXR,5,20230105,145500,1166.21,1166.21,1166.21,1166.21,0,0
^OMXR,5,20230106,090000,1169.15,1169.15,1169.15,1169.15,0,0
^OMXR,5,20230106,090500,1169.6,1169.6,1169.6,1169.6,0,0
^OMXR,5,20230106,091000,1169.15,1169.15,1167.88,1167.88,0,0
^OMXR,5,20230106,092500,1168.33,1168.33,1168.33,1168.33,0,0
^OMXR,5,20230106,093000,1168.56,1168.56,1168.56,1168.56,0,0
^OMXR,5,20230106,093500,1168.33,1168.33,1168.33,1168.33,0,0
^OMXR,5,20230106,095500,1168.71,1168.71,1168.71,1168.71,0,0
^OMXR,5,20230106,100000,1168.69,1168.69,1168.69,1168.69,0,0
^OMXR,5,20230106,101000,1168.24,1168.24,1167.79,1167.79,0,0
^OMXR,5,20230106,101500,1168.01,1169.28,1168.01,1168.39,0,0
^OMXR,5,20230106,103500,1168.94,1168.94,1168.94,1168.94,0,0
^OMXR,5,20230106,110500,1171.48,1171.48,1171.48,1171.48,0,0
^OMXR,5,20230106,111000,1171.53,1171.53,1171.53,1171.53,0,0
^OMXR,5,20230106,112000,1171.3,1171.3,1171.3,1171.3,0,0
^OMXR,5,20230106,122500,1170.93,1170.93,1170.93,1170.93,0,0
^OMXR,5,20230106,133500,1179.82,1179.82,1179.82,1179.82,0,0
^OMXR,5,20230106,140000,1179.76,1179.84,1179.76,1179.84,0,0
^OMXR,5,20230106,141000,1167.15,1167.15,1167.15,1167.15,0,0
^OMXR,5,20230106,141500,1167.37,1167.37,1166.1,1166.1,0,0
^OMXR,5,20230106,142000,1164.83,1164.83,1164.23,1164.23,0,0
^OMXR,5,20230106,143500,1164.46,1164.46,1164.46,1164.46,0,0
^OMXR,5,20230106,145500,1164.83,1164.83,1164.83,1164.83,0,0
