<TICKER>,<PER>,<DATE>,<TIME>,<OPEN>,<HIGH>,<LOW>,<CLOSE>,<VOL>,<OPENINT>
^PSEI,5,20221117,023000,6380.81,6392.19,6366.05,6392.19,0,0
^PSEI,5,20221117,023500,6400.45,6405.16,6397.16,6402.49,0,0
^PSEI,5,20221117,024000,6405.3,6405.3,6393.44,6398.86,0,0
^PSEI,5,20221117,024500,6400.38,6400.38,6390.86,6390.86,0,0
^PSEI,5,20221117,025000,6384.01,6386.35,6384.01,6386.08,0,0
^PSEI,5,20221117,025500,6384.87,6392.71,6384.87,6386.98,0,0
^PSEI,5,20221117,030000,6387.97,6394.89,6385.95,6385.95,0,0
^PSEI,5,20221117,030500,6395.51,6395.51,6394.35,6394.35,0,0
^PSEI,5,20221117,031000,6386.78,6395.24,6386.78,6389.94,0,0
^PSEI,5,20221117,031500,6387.35,6389.73,6387.35,6389.73,0,0
^PSEI,5,20221117,032000,6395.22,6398.09,6395.22,6396.04,0,0
^PSEI,5,20221117,032500,6395.85,6399.85,6395.78,6396.6,0,0
^PSEI,5,20221117,033000,6399.68,6405.66,6396.72,6404.76,0,0
^PSEI,5,20221117,033500,6404.37,6406.01,6401.49,6401.49,0,0
^PSEI,5,20221117,034000,6401.18,6402.18,6398.38,6398.38,0,0
^PSEI,5,20221117,034500,6400.76,6403.51,6400.76,6401.64,0,0
^PSEI,5,20221117,035000,6401.6,6404.21,6401.6,6403.2,0,0
^PSEI,5,20221117,035500,6402.98,6402.98,6398.92,6399.82,0,0
^PSEI,5,20221117,040000,6400.66,6400.66,6396.73,6397.24,0,0
^PSEI,5,20221117,040500,6395.7,6396.88,6395.7,6396.65,0,0
^PSEI,5,20221117,041000,6394.89,6396.19,6394.89,6396.19,0,0
^PSEI,5,20221117,041500,6395.95,6395.95,6392.99,6392.99,0,0
^PSEI,5,20221117,042000,6393.31,6401.98,6391.03,6401.98,0,0
^PSEI,5,20221117,042500,6402.24,6402.24,6397.05,6397.05,0,0
^PSEI,5,20221117,043000,6396.84,6397.22,6395.76,6396.5,0,0
^PSEI,5,20221117,043500,6395.69,6397.62,6395.19,6397.62,0,0
^PSEI,5,20221117,044000,6396.36,6396.36,6395.46,6395.46,0,0
^PSEI,5,20221117,044500,6396.1,6400.02,6396.1,6398.59,0,0
^PSEI,5,20221117,045000,6399.62,6403.48,6396.86,6403.48,0,0
^PSEI,5,20221117,045500,6401.79,6403.18,6401.43,6401.94,0,0
^PSEI,5,20221117,050000,6399.77,6399.77,6399.77,6399.77,0,0
^PSEI,5,20221117,054000,6392.8,6398.75,6391.93,6394.87,0,0
^PSEI,5,20221118,023000,6415.34,6415.34,6403.5,6412.9,0,0
^PSEI,5,20221118,023500,6410.36,6430.74,6410.36,6430.74,0,0
^PSEI,5,20221118,024000,6426.52,6432.9,6423.19,6431.13,0,0
^PSEI,5,20221118,024500,6437.18,6439.83,6436.59,6439.17,0,0
^PSEI,5,20221118,025000,6434.92,6440.37,6434.92,6438.98,0,0
^PSEI,5,20221118,025500,6441.24,6447.04,6440.68,6442.35,0,0
^PSEI,5,20221118,030000,6445.34,6451.34,6445.34,6451.34,0,0
^PSEI,5,20221118,030500,6451.31,6451.61,6442.22,6442.22,0,0
^PSEI,5,20221118,031000,6442.85,6442.85,6441.46,6441.46,0,0
^PSEI,5,20221118,031500,6439.21,6439.21,6437.83,6437.83,0,0
^PSEI,5,20221118,032000,6438.21,6440.68,6438.21,6439.06,0,0
^PSEI,5,20221118,032500,6438.77,6441.83,6438.77,6440.94,0,0
^PSEI,5,20221118,033000,6440.89,6440.89,6438.16,6438.16,0,0
^PSEI,5,20221118,033500,6438.33,6438.33,6432.38,6432.38,0,0
^PSEI,5,20221118,034000,6434.05,6434.34,6428.32,6428.32,0,0
^PSEI,5,20221118,034500,6428.07,6430.31,6427.69,6427.82,0,0
^PSEI,5,20221118,035000,6430.8,6430.8,6428.67,6428.67,0,0
^PSEI,5,20221118,035500,6429.49,6429.49,6424.26,6424.6,0,0
^PSEI,5,20221118,040000,6422.56,6422.56,6418.42,6422.46,0,0
^PSEI,5,20221118,040500,6421.37,6421.37,6418.35,6418.38,0,0
^PSEI,5,20221118,041000,6418.68,6422.23,6418.68,6422.23,0,0
^PSEI,5,20221118,041500,6420.41,6420.41,6416.78,6419.42,0,0
^PSEI,5,20221118,042000,6419.43,6422.67,6418.64,6421.9,0,0
^PSEI,5,20221118,042500,6420.78,6423.02,6420.66,6420.66,0,0
^PSEI,5,20221118,043000,6420.79,6420.79,6416.89,6416.89,0,0
^PSEI,5,20221118,043500,6419.45,6421.38,6417.26,6418.33,0,0
^PSEI,5,20221118,044000,6414.42,6415.35,6412.82,6412.82,0,0
^PSEI,5,20221118,044500,6413.88,6416.41,6413.88,6416.41,0,0
^PSEI,5,20221118,045000,6418.53,6422.22,6418.47,6422.22,0,0
^PSEI,5,20221118,045500,6427.09,6427.5,6422.5,6422.5,0,0
^PSEI,5,20221118,050000,6424.09,6424.09,6424.09,6424.09,0,0
^PSEI,5,20221118,054000,6420.35,6420.35,6415.54,6419.23,0,0
^PSEI,5,20221121,023000,6451.44,6451.44,6437.88,6437.88,0,0
^PSEI,5,20221121,023500,6429.98,6436.14,6423.8,6429.48,0,0
^PSEI,5,20221121,024000,6425.96,6427.65,6423.58,6423.58,0,0
^PSEI,5,20221121,024500,6427.22,6427.22,6422,6424.95,0,0
^PSEI,5,20221121,025000,6422.27,6425.17,6416.2,6416.2,0,0
^PSEI,5,20221121,025500,6419.73,6419.73,6413,6413,0,0
^PSEI,5,20221121,030000,6406.7,6409.65,6406.7,6407.33,0,0
^PSEI,5,20221121,030500,6404.22,6408.34,6404.22,6406.9,0,0
^PSEI,5,20221121,031000,6403.01,6403.01,6395.66,6397.66,0,0
^PSEI,5,20221121,031500,6396.46,6396.46,6387.05,6387.05,0,0
^PSEI,5,20221121,032000,6391.63,6395,6391.01,6391.01,0,0
^PSEI,5,20221121,032500,6391.21,6391.21,6387.93,6388.32,0,0
^PSEI,5,20221121,033000,6386.04,6386.79,6380.65,6386.79,0,0
^PSEI,5,20221121,033500,6388.42,6388.42,6383.52,6383.52,0,0
^PSEI,5,20221121,034000,6384.71,6384.71,6377.31,6377.31,0,0
^PSEI,5,20221121,034500,6375.08,6376.15,6375.08,6376.15,0,0
^PSEI,5,20221121,035000,6372.79,6372.79,6366.81,6366.81,0,0
^PSEI,5,20221121,035500,6365.08,6368.19,6365.08,6366.01,0,0
^PSEI,5,20221121,040000,6364.3,6367.34,6364.3,6366.69,0,0
^PSEI,5,20221121,040500,6371.36,6371.36,6368.21,6369.44,0,0
^PSEI,5,20221121,041000,6371.55,6373.07,6370.57,6372.8,0,0
^PSEI,5,20221121,041500,6373.22,6377.04,6373.22,6376.07,0,0
^PSEI,5,20221121,042000,6375.46,6376.06,6374.45,6374.45,0,0
^PSEI,5,20221121,042500,6373.76,6373.76,6371.72,6372.7,0,0
^PSEI,5,20221121,043000,6372.74,6376.04,6372.74,6376.04,0,0
^PSEI,5,20221121,043500,6376.6,6377.11,6373.3,6373.4,0,0
^PSEI,5,20221121,044000,6373.47,6380.77,6373.39,6373.88,0,0
^PSEI,5,20221121,044500,6372.78,6376.66,6372.78,6376.66,0,0
^PSEI,5,20221121,045000,6376.26,6377.58,6374.26,6377.58,0,0
^PSEI,5,20221121,045500,6376.5,6378.35,6376.28,6377.64,0,0
^PSEI,5,20221121,050000,6377.14,6377.14,6377.14,6377.14,0,0
^PSEI,5,20221121,054000,6378.52,6392.1,6377.63,6392.1,0,0
^PSEI,5,20221122,023000,6401.4,6413.45,6401.4,6411.62,0,0
^PSEI,5,20221122,023500,6419.49,6422.98,6419.49,6422.62,0,0
^PSEI,5,20221122,024000,6428.52,6429.79,6425.03,6425.2,0,0
^PSEI,5,20221122,024500,6421.32,6433.59,6421.32,6432.67,0,0
^PSEI,5,20221122,025000,6437.09,6450.82,6437.09,6450.82,0,0
^PSEI,5,20221122,025500,6453.65,6453.65,6445.6,6447.12,0,0
^PSEI,5,20221122,030000,6448.37,6448.37,6444,6446.84,0,0
^PSEI,5,20221122,030500,6445.42,6445.42,6442.71,6444.12,0,0
^PSEI,5,20221122,031000,6446.37,6446.37,6437.73,6438.97,0,0
^PSEI,5,20221122,031500,6435.93,6440.74,6434.35,6440.74,0,0
^PSEI,5,20221122,032000,6439.88,6441.8,6437.73,6441.35,0,0
^PSEI,5,20221122,032500,6441.76,6441.82,6437.79,6437.83,0,0
^PSEI,5,20221122,033000,6438.81,6440.32,6434.38,6434.38,0,0
^PSEI,5,20221122,033500,6433.47,6434.2,6430.19,6430.19,0,0
^PSEI,5,20221122,034000,6430.72,6432.59,6430.72,6431.48,0,0
^PSEI,5,20221122,034500,6436.24,6436.62,6432.74,6436.62,0,0
^PSEI,5,20221122,035000,6433.71,6433.71,6432.25,6433.25,0,0
^PSEI,5,20221122,035500,6431.96,6431.96,6426.5,6426.82,0,0
^PSEI,5,20221122,040000,6429.21,6431.44,6427.87,6431.44,0,0
^PSEI,5,20221122,040500,6430.74,6445.48,6430.74,6445.48,0,0
^PSEI,5,20221122,041000,6445.35,6446.57,6444.81,6446.57,0,0
^PSEI,5,20221122,041500,6447.16,6448.78,6446.94,6448.78,0,0
^PSEI,5,20221122,042000,6448.51,6463.18,6448.51,6459.8,0,0
^PSEI,5,20221122,042500,6453.6,6457.91,6453.6,6457.91,0,0
^PSEI,5,20221122,043000,6457.77,6458.51,6454.55,6454.55,0,0
^PSEI,5,20221122,043500,6456.21,6458.3,6456.21,6458,0,0
^PSEI,5,20221122,044000,6457.7,6458.25,6455.91,6457.38,0,0
^PSEI,5,20221122,044500,6459.3,6462.25,6457.86,6460.78,0,0
^PSEI,5,20221122,045000,6459.97,6460.24,6459.29,6459.89,0,0
^PSEI,5,20221122,045500,6460.59,6463.05,6460.59,6462.39,0,0
^PSEI,5,20221122,050000,6460.7,6460.7,6460.7,6460.7,0,0
^PSEI,5,20221122,054000,6453.9,6455.63,6444.91,6446.64,0,0
^PSEI,5,20221123,023000,6441.42,6446.78,6437.76,6446.78,0,0
^PSEI,5,20221123,023500,6454.03,6481.18,6454.03,6473.95,0,0
^PSEI,5,20221123,024000,6480.5,6481.49,6479.05,6479.05,0,0
^PSEI,5,20221123,024500,6483.63,6489.33,6483.63,6489.33,0,0
^PSEI,5,20221123,025000,6485.69,6485.69,6484.52,6485.51,0,0
^PSEI,5,20221123,025500,6483.91,6486.03,6483.91,6485.98,0,0
^PSEI,5,20221123,030000,6489.64,6505.87,6489.64,6505.87,0,0
^PSEI,5,20221123,030500,6506.15,6509.61,6504.06,6504.06,0,0
^PSEI,5,20221123,031000,6502.18,6504.89,6502.18,6504.89,0,0
^PSEI,5,20221123,031500,6504.85,6506.5,6502.94,6506.5,0,0
^PSEI,5,20221123,032000,6507.59,6507.59,6501.8,6502.98,0,0
^PSEI,5,20221123,032500,6498.41,6501.21,6496.57,6496.57,0,0
^PSEI,5,20221123,033000,6497.25,6500.17,6496.1,6496.1,0,0
^PSEI,5,20221123,033500,6500.02,6502.23,6497.61,6497.61,0,0
^PSEI,5,20221123,034000,6498.09,6500.17,6497.58,6497.58,0,0
^PSEI,5,20221123,034500,6497.66,6498.74,6495.95,6496.02,0,0
^PSEI,5,20221123,035000,6497.02,6498.51,6497.02,6498.51,0,0
^PSEI,5,20221123,035500,6495.82,6498.03,6495.1,6498.03,0,0
^PSEI,5,20221123,040000,6495.31,6498.51,6494.15,6494.15,0,0
^PSEI,5,20221123,040500,6493.22,6494.23,6492.7,6492.7,0,0
^PSEI,5,20221123,041000,6495.41,6496.85,6494.64,6494.64,0,0
^PSEI,5,20221123,041500,6494.68,6494.86,6494.16,6494.39,0,0
^PSEI,5,20221123,042000,6494.42,6495.16,6493.49,6493.49,0,0
^PSEI,5,20221123,042500,6495.67,6496.91,6493.98,6495.98,0,0
^PSEI,5,20221123,043000,6496,6496.66,6493.93,6495.77,0,0
^PSEI,5,20221123,043500,6497.5,6497.5,6495.89,6497.33,0,0
^PSEI,5,20221123,044000,6495.51,6496.22,6495.45,6495.45,0,0
^PSEI,5,20221123,044500,6497.56,6497.87,6496.62,6497.87,0,0
^PSEI,5,20221123,045000,6500.24,6500.69,6500.02,6500.42,0,0
^PSEI,5,20221123,045500,6500.2,6500.2,6496.02,6496.02,0,0
^PSEI,5,20221123,050000,6496.87,6496.87,6496.87,6496.87,0,0
^PSEI,5,20221123,054000,6497.22,6500.77,6497.22,6500.26,0,0
^PSEI,5,20221124,023000,6503.98,6511.02,6503.98,6510.63,0,0
^PSEI,5,20221124,023500,6509.76,6515.32,6506.5,6515.32,0,0
^PSEI,5,20221124,024000,6517.04,6519.13,6504,6504,0,0
^PSEI,5,20221124,024500,6504.17,6504.17,6499.24,6500.46,0,0
^PSEI,5,20221124,025000,6501.31,6501.31,6498.33,6499.56,0,0
^PSEI,5,20221124,025500,6500.01,6500.69,6497.97,6497.97,0,0
^PSEI,5,20221124,030000,6496.89,6501.36,6496.89,6501.36,0,0
^PSEI,5,20221124,030500,6505.13,6511.88,6505.13,6511.47,0,0
^PSEI,5,20221124,031000,6510.32,6511.01,6508.39,6508.39,0,0
^PSEI,5,20221124,031500,6507.74,6507.81,6503.82,6506.3,0,0
^PSEI,5,20221124,032000,6506.62,6510.77,6506.21,6510.48,0,0
^PSEI,5,20221124,032500,6510.53,6516.03,6506.52,6516.03,0,0
^PSEI,5,20221124,033000,6516.41,6516.41,6513.12,6513.12,0,0
^PSEI,5,20221124,033500,6509.82,6512.67,6509.82,6511.28,0,0
^PSEI,5,20221124,034000,6509.13,6511.48,6509.13,6511.34,0,0
^PSEI,5,20221124,034500,6511.24,6511.96,6509.38,6509.38,0,0
^PSEI,5,20221124,035000,6511.73,6511.73,6507.94,6507.94,0,0
^PSEI,5,20221124,035500,6507.29,6513.1,6507.29,6513.1,0,0
^PSEI,5,20221124,040000,6516,6517.53,6514.67,6517.04,0,0
^PSEI,5,20221124,040500,6519.45,6521.54,6519.45,6521.54,0,0
^PSEI,5,20221124,041000,6520.8,6521.99,6518.23,6521.99,0,0
^PSEI,5,20221124,041500,6522.53,6527.55,6522.38,6527.55,0,0
^PSEI,5,20221124,042000,6529.82,6534.75,6529.82,6534.75,0,0
^PSEI,5,20221124,042500,6535.3,6536.17,6531.86,6531.86,0,0
^PSEI,5,20221124,043000,6531.71,6531.71,6528.68,6528.68,0,0
^PSEI,5,20221124,043500,6527.57,6527.57,6523.67,6523.67,0,0
^PSEI,5,20221124,044000,6525.24,6526.24,6524.66,6526.24,0,0
^PSEI,5,20221124,044500,6526.14,6528.3,6526.14,6527.4,0,0
^PSEI,5,20221124,045000,6524.24,6527.42,6524.24,6525.16,0,0
^PSEI,5,20221124,045500,6526.87,6526.87,6525.8,6525.84,0,0
^PSEI,5,20221124,050000,6522.91,6522.91,6522.91,6522.91,0,0
^PSEI,5,20221124,054000,6521.22,6533.8,6521.22,6533.13,0,0
^PSEI,5,20221125,023000,6529.11,6529.11,6507.51,6510.34,0,0
^PSEI,5,20221125,023500,6512.06,6514.62,6500.47,6500.47,0,0
^PSEI,5,20221125,024000,6501.13,6501.13,6498.59,6499.98,0,0
^PSEI,5,20221125,024500,6497.68,6497.68,6492.13,6493.15,0,0
^PSEI,5,20221125,025000,6491.97,6491.97,6482.37,6485.87,0,0
^PSEI,5,20221125,025500,6480.62,6482.31,6480.62,6481.22,0,0
^PSEI,5,20221125,030000,6483.68,6494.71,6483.68,6491.8,0,0
^PSEI,5,20221125,030500,6496.74,6504.72,6496.74,6504.72,0,0
^PSEI,5,20221125,031000,6502.87,6504.14,6501.51,6504.14,0,0
^PSEI,5,20221125,031500,6502.74,6512.99,6502.74,6512.99,0,0
^PSEI,5,20221125,032000,6510.41,6515.64,6510.41,6515.64,0,0
^PSEI,5,20221125,032500,6517.99,6520.59,6517.52,6520.59,0,0
^PSEI,5,20221125,033000,6521.56,6521.56,6514.31,6514.31,0,0
^PSEI,5,20221125,033500,6514.87,6514.87,6507.84,6507.84,0,0
^PSEI,5,20221125,034000,6511.93,6513.62,6511,6512.02,0,0
^PSEI,5,20221125,034500,6513.6,6514.93,6512.86,6513.79,0,0
^PSEI,5,20221125,035000,6511.69,6514.25,6509.05,6511.94,0,0
^PSEI,5,20221125,035500,6510.57,6525.83,6510.57,6525.83,0,0
^PSEI,5,20221125,040000,6523.17,6538.97,6520.44,6538.97,0,0
^PSEI,5,20221125,040500,6539.46,6539.46,6531.96,6531.96,0,0
^PSEI,5,20221125,041000,6536.63,6538.98,6533.52,6533.52,0,0
^PSEI,5,20221125,041500,6533.14,6533.54,6528.17,6529.43,0,0
^PSEI,5,20221125,042000,6531.12,6534.49,6531.12,6534.49,0,0
^PSEI,5,20221125,042500,6535.23,6543.31,6535.23,6542.11,0,0
^PSEI,5,20221125,043000,6542.41,6543.57,6541.54,6541.54,0,0
^PSEI,5,20221125,043500,6540.72,6545.31,6540.72,6545.31,0,0
^PSEI,5,20221125,044000,6542.08,6546,6541.71,6544.55,0,0
^PSEI,5,20221125,044500,6543.91,6546.68,6543.91,6544.35,0,0
^PSEI,5,20221125,045000,6545.32,6546.37,6545.32,6545.98,0,0
^PSEI,5,20221125,045500,6545.27,6545.92,6539.32,6539.32,0,0
^PSEI,5,20221125,050000,6540.31,6540.31,6540.31,6540.31,0,0
^PSEI,5,20221125,054000,6550.31,6563.56,6550.31,6558.73,0,0
^PSEI,5,20221128,023000,6589.83,6589.83,6570.62,6575.57,0,0
^PSEI,5,20221128,023500,6579.26,6594.61,6579.26,6594.61,0,0
^PSEI,5,20221128,024000,6587.74,6612.34,6587.74,6612.34,0,0
^PSEI,5,20221128,024500,6614.09,6639.39,6614.09,6638.24,0,0
^PSEI,5,20221128,025000,6645.45,6646.85,6641.84,6646.85,0,0
^PSEI,5,20221128,025500,6646.83,6646.83,6637.82,6637.82,0,0
^PSEI,5,20221128,030000,6638.32,6641.08,6638.32,6641.08,0,0
^PSEI,5,20221128,030500,6641.99,6645.87,6641.99,6644.36,0,0
^PSEI,5,20221128,031000,6642.57,6644.33,6641.79,6644.33,0,0
^PSEI,5,20221128,031500,6641.82,6644.55,6640.72,6641.7,0,0
^PSEI,5,20221128,032000,6642.36,6642.36,6638.32,6640.37,0,0
^PSEI,5,20221128,032500,6639.6,6639.6,6630.21,6630.21,0,0
^PSEI,5,20221128,033000,6626.64,6632.72,6626.64,6632.72,0,0
^PSEI,5,20221128,033500,6633.31,6636.16,6633.05,6636.16,0,0
^PSEI,5,20221128,034000,6634.44,6636.26,6632.62,6632.62,0,0
^PSEI,5,20221128,034500,6633.66,6635.99,6632.41,6635.99,0,0
^PSEI,5,20221128,035000,6637.69,6637.69,6633.34,6634.54,0,0
^PSEI,5,20221128,035500,6636.1,6638.12,6634,6638.12,0,0
^PSEI,5,20221128,040000,6639.61,6642.12,6637.54,6637.54,0,0
^PSEI,5,20221128,040500,6639.08,6639.08,6635.31,6637.04,0,0
^PSEI,5,20221128,041000,6634.41,6636.48,6633.6,6636.28,0,0
^PSEI,5,20221128,041500,6634.37,6638.58,6634.37,6636.42,0,0
^PSEI,5,20221128,042000,6634.76,6638.77,6634.76,6638.77,0,0
^PSEI,5,20221128,042500,6637.21,6647.59,6637.21,6647.59,0,0
^PSEI,5,20221128,043000,6645.25,6646.92,6643.01,6646.92,0,0
^PSEI,5,20221128,043500,6643.81,6647.5,6643.81,6647.5,0,0
^PSEI,5,20221128,044000,6647.85,6651.13,6646.23,6647.02,0,0
^PSEI,5,20221128,044500,6652.98,6654.5,6649.67,6649.67,0,0
^PSEI,5,20221128,045000,6647.2,6647.2,6641.74,6641.74,0,0
^PSEI,5,20221128,045500,6649.34,6649.75,6644.36,6644.36,0,0
^PSEI,5,20221128,050000,6645.47,6645.47,6645.47,6645.47,0,0
^PSEI,5,20221128,054000,6645.5,6665.34,6645.5,6665.34,0,0
^PSEI,5,20221129,023000,6652,6652,6635.57,6636.83,0,0
^PSEI,5,20221129,023500,6634.45,6634.45,6618.7,6619.42,0,0
^PSEI,5,20221129,024000,6609.74,6615.48,6604.47,6614.38,0,0
^PSEI,5,20221129,024500,6616.84,6624.2,6616.84,6621.82,0,0
^PSEI,5,20221129,025000,6620.94,6621.02,6619.61,6621.02,0,0
^PSEI,5,20221129,025500,6619.84,6619.84,6615.36,6618.91,0,0
^PSEI,5,20221129,030000,6617.16,6622.33,6617.16,6622.33,0,0
^PSEI,5,20221129,030500,6619.78,6627.34,6617.61,6627.34,0,0
^PSEI,5,20221129,031000,6630.39,6630.39,6624.94,6624.94,0,0
^PSEI,5,20221129,031500,6623.53,6626.49,6623.53,6624.52,0,0
^PSEI,5,20221129,032000,6626.99,6626.99,6623.27,6623.85,0,0
^PSEI,5,20221129,032500,6620.24,6623.5,6617.94,6621.54,0,0
^PSEI,5,20221129,033000,6623.9,6629.29,6623.56,6629.29,0,0
^PSEI,5,20221129,033500,6630.17,6630.57,6627.32,6627.32,0,0
^PSEI,5,20221129,034000,6627.94,6627.96,6626.77,6627.31,0,0
^PSEI,5,20221129,034500,6629.53,6629.53,6616.19,6616.19,0,0
^PSEI,5,20221129,035000,6615.01,6615.01,6608.07,6608.07,0,0
^PSEI,5,20221129,035500,6602.83,6604.02,6600.02,6601.91,0,0
^PSEI,5,20221129,040000,6602.92,6609.39,6602.92,6609.39,0,0
^PSEI,5,20221129,040500,6613.31,6613.31,6605.86,6605.86,0,0
^PSEI,5,20221129,041000,6604.6,6604.6,6601.7,6602.27,0,0
^PSEI,5,20221129,041500,6601.76,6606.1,6601.76,6604.82,0,0
^PSEI,5,20221129,042000,6605.28,6612.91,6605.28,6612.91,0,0
^PSEI,5,20221129,042500,6610.43,6616.5,6609.36,6616.5,0,0
^PSEI,5,20221129,043000,6615.14,6618.91,6613.62,6618.91,0,0
^PSEI,5,20221129,043500,6617.98,6617.98,6612.76,6614.37,0,0
^PSEI,5,20221129,044000,6615.5,6620.91,6615.5,6618.49,0,0
^PSEI,5,20221129,044500,6617.34,6621.19,6617.34,6619.37,0,0
^PSEI,5,20221129,045000,6621.34,6623.49,6619.47,6619.47,0,0
^PSEI,5,20221129,045500,6616.93,6621.04,6616.93,6620.54,0,0
^PSEI,5,20221129,050000,6622.41,6622.41,6622.41,6622.41,0,0
^PSEI,5,20221129,054000,6626.68,6635.97,6626.68,6634.23,0,0
^PSEI,5,20221130,023000,6652,6652,6635.57,6636.83,0,0
^PSEI,5,20221130,023500,6634.45,6634.45,6618.7,6619.42,0,0
^PSEI,5,20221130,024000,6609.74,6615.48,6604.47,6614.38,0,0
^PSEI,5,20221130,024500,6616.84,6624.2,6616.84,6621.82,0,0
^PSEI,5,20221130,025000,6620.94,6621.02,6619.61,6621.02,0,0
^PSEI,5,20221130,025500,6619.84,6619.84,6615.36,6618.91,0,0
^PSEI,5,20221130,030000,6617.16,6622.33,6617.16,6622.33,0,0
^PSEI,5,20221130,030500,6619.78,6627.34,6617.61,6627.34,0,0
^PSEI,5,20221130,031000,6630.39,6630.39,6624.94,6624.94,0,0
^PSEI,5,20221130,031500,6623.53,6626.49,6623.53,6624.52,0,0
^PSEI,5,20221130,032000,6626.99,6626.99,6623.27,6623.85,0,0
^PSEI,5,20221130,032500,6620.24,6623.5,6617.94,6621.54,0,0
^PSEI,5,20221130,033000,6623.9,6629.29,6623.56,6629.29,0,0
^PSEI,5,20221130,033500,6630.17,6630.57,6627.32,6627.32,0,0
^PSEI,5,20221130,034000,6627.94,6627.96,6626.77,6627.31,0,0
^PSEI,5,20221130,034500,6629.53,6629.53,6616.19,6616.19,0,0
^PSEI,5,20221130,035000,6615.01,6615.01,6608.07,6608.07,0,0
^PSEI,5,20221130,035500,6602.83,6604.02,6600.02,6601.91,0,0
^PSEI,5,20221130,040000,6602.92,6609.39,6602.92,6609.39,0,0
^PSEI,5,20221130,040500,6613.31,6613.31,6605.86,6605.86,0,0
^PSEI,5,20221130,041000,6604.6,6604.6,6601.7,6602.27,0,0
^PSEI,5,20221130,041500,6601.76,6606.1,6601.76,6604.82,0,0
^PSEI,5,20221130,042000,6605.28,6612.91,6605.28,6612.91,0,0
^PSEI,5,20221130,042500,6610.43,6616.5,6609.36,6616.5,0,0
^PSEI,5,20221130,043000,6615.14,6618.91,6613.62,6618.91,0,0
^PSEI,5,20221130,043500,6617.98,6617.98,6612.76,6614.37,0,0
^PSEI,5,20221130,044000,6615.5,6620.91,6615.5,6618.49,0,0
^PSEI,5,20221130,044500,6617.34,6621.19,6617.34,6619.37,0,0
^PSEI,5,20221130,045000,6621.34,6623.49,6619.47,6619.47,0,0
^PSEI,5,20221130,045500,6616.93,6621.04,6616.93,6620.54,0,0
^PSEI,5,20221130,050000,6622.41,6622.41,6622.41,6622.41,0,0
^PSEI,5,20221130,054000,6626.68,6780.78,6626.68,6780.78,0,0
^PSEI,5,20221201,023000,6814.14,6814.14,6796.01,6797.69,0,0
^PSEI,5,20221201,023500,6796.03,6796.03,6784.98,6784.98,0,0
^PSEI,5,20221201,024000,6783.5,6796.92,6779.63,6779.63,0,0
^PSEI,5,20221201,024500,6780.13,6780.13,6756.12,6756.12,0,0
^PSEI,5,20221201,025000,6754.1,6766.88,6754.1,6761.17,0,0
^PSEI,5,20221201,025500,6769.67,6775.43,6768.25,6773.56,0,0
^PSEI,5,20221201,030000,6772,6772,6765.97,6765.97,0,0
^PSEI,5,20221201,030500,6769.3,6770.37,6761.12,6761.12,0,0
^PSEI,5,20221201,031000,6753.83,6753.83,6738.17,6742.57,0,0
^PSEI,5,20221201,031500,6747.6,6750.13,6744.76,6748.53,0,0
^PSEI,5,20221201,032000,6746.99,6749,6742.82,6742.82,0,0
^PSEI,5,20221201,032500,6738.79,6745.91,6738.79,6745.74,0,0
^PSEI,5,20221201,033000,6746.8,6746.8,6744.23,6744.81,0,0
^PSEI,5,20221201,033500,6745.7,6745.7,6741.86,6743.72,0,0
^PSEI,5,20221201,034000,6742.05,6742.05,6739.99,6740.47,0,0
^PSEI,5,20221201,034500,6741.89,6745.05,6740.99,6745.05,0,0
^PSEI,5,20221201,035000,6745,6745,6739.92,6740.52,0,0
^PSEI,5,20221201,035500,6737.09,6740.12,6733.38,6734.95,0,0
^PSEI,5,20221201,040000,6734.15,6739.13,6734.15,6738.47,0,0
^PSEI,5,20221201,040500,6736.22,6740.02,6736.14,6736.34,0,0
^PSEI,5,20221201,041000,6738.1,6739,6738.1,6738.61,0,0
^PSEI,5,20221201,041500,6741.29,6743.66,6741.29,6743.15,0,0
^PSEI,5,20221201,042000,6741.69,6742.81,6740.68,6741.48,0,0
^PSEI,5,20221201,042500,6742.27,6742.27,6737.82,6738.12,0,0
^PSEI,5,20221201,043000,6737.7,6740.37,6737.7,6740.37,0,0
^PSEI,5,20221201,043500,6742.13,6745.85,6742.13,6745.85,0,0
^PSEI,5,20221201,044000,6745.13,6748.45,6745.13,6746.02,0,0
^PSEI,5,20221201,044500,6747.77,6749.79,6747.77,6749.79,0,0
^PSEI,5,20221201,045000,6749.89,6757.55,6749.89,6757.55,0,0
^PSEI,5,20221201,045500,6764.28,6769.71,6764.28,6768.81,0,0
^PSEI,5,20221201,050000,6769.47,6769.47,6769.47,6769.47,0,0
^PSEI,5,20221201,054000,6771.6,6784.68,6771.6,6784.44,0,0
^PSEI,5,20221202,023000,6731.17,6731.17,6717.45,6718.49,0,0
^PSEI,5,20221202,023500,6720.26,6722.85,6719.64,6719.64,0,0
^PSEI,5,20221202,024000,6717.78,6717.78,6711.33,6711.33,0,0
^PSEI,5,20221202,024500,6711.2,6713.46,6710.19,6710.19,0,0
^PSEI,5,20221202,025000,6705.82,6709.34,6705.82,6709.34,0,0
^PSEI,5,20221202,025500,6707.68,6707.91,6704.99,6704.99,0,0
^PSEI,5,20221202,030000,6705.44,6705.44,6700.91,6700.91,0,0
^PSEI,5,20221202,030500,6698.51,6701.81,6697.11,6697.11,0,0
^PSEI,5,20221202,031000,6695.43,6700.64,6694.48,6700.64,0,0
^PSEI,5,20221202,031500,6704.73,6704.73,6698.77,6700.36,0,0
^PSEI,5,20221202,032000,6708.13,6708.13,6698.94,6699.8,0,0
^PSEI,5,20221202,032500,6699.58,6705.93,6697.81,6697.81,0,0
^PSEI,5,20221202,033000,6701.7,6701.7,6696,6696,0,0
^PSEI,5,20221202,033500,6696.95,6704.11,6696.95,6703.51,0,0
^PSEI,5,20221202,034000,6702.88,6702.88,6695.47,6695.47,0,0
^PSEI,5,20221202,034500,6692.16,6692.16,6679.86,6679.86,0,0
^PSEI,5,20221202,035000,6681.95,6681.95,6675.58,6675.58,0,0
^PSEI,5,20221202,035500,6677.68,6677.68,6675.16,6677.14,0,0
^PSEI,5,20221202,040000,6675.83,6676.35,6675.4,6676.35,0,0
^PSEI,5,20221202,040500,6678.09,6678.09,6671.73,6673.21,0,0
^PSEI,5,20221202,041000,6669.37,6669.37,6657.99,6657.99,0,0
^PSEI,5,20221202,041500,6647.15,6647.15,6640.81,6642.5,0,0
^PSEI,5,20221202,042000,6637.77,6637.77,6623.93,6624.2,0,0
^PSEI,5,20221202,042500,6616.09,6620.21,6609.48,6620.21,0,0
^PSEI,5,20221202,043000,6618.29,6619.95,6614.59,6614.59,0,0
^PSEI,5,20221202,043500,6616.13,6616.13,6610.92,6613.26,0,0
^PSEI,5,20221202,044000,6610.22,6613.84,6610.22,6613.84,0,0
^PSEI,5,20221202,044500,6611.07,6611.07,6607.49,6607.49,0,0
^PSEI,5,20221202,045000,6608.21,6611.56,6606.04,6609.44,0,0
^PSEI,5,20221202,045500,6609.51,6611,6606.97,6608.39,0,0
^PSEI,5,20221202,050000,6607.86,6607.86,6607.86,6607.86,0,0
^PSEI,5,20221202,054000,6605.83,6605.83,6587.7,6587.7,0,0
^PSEI,5,20221205,023000,6503.57,6518.2,6503.57,6518.2,0,0
^PSEI,5,20221205,023500,6513.31,6513.31,6503.16,6503.16,0,0
^PSEI,5,20221205,024000,6507.32,6509.83,6507.32,6509.83,0,0
^PSEI,5,20221205,024500,6515.79,6522.67,6515.79,6521.01,0,0
^PSEI,5,20221205,025000,6520.41,6528.57,6516.41,6528.57,0,0
^PSEI,5,20221205,025500,6529.7,6533.07,6528.61,6533.07,0,0
^PSEI,5,20221205,030000,6532.77,6539.04,6532.77,6539.04,0,0
^PSEI,5,20221205,030500,6539.73,6541.77,6536.25,6537.1,0,0
^PSEI,5,20221205,031000,6536.92,6536.92,6535,6535.36,0,0
^PSEI,5,20221205,031500,6533.92,6534.27,6530.53,6534.27,0,0
^PSEI,5,20221205,032000,6531.66,6532.51,6529.5,6531.8,0,0
^PSEI,5,20221205,032500,6532.15,6532.15,6522.69,6522.69,0,0
^PSEI,5,20221205,033000,6519.83,6519.83,6513.72,6513.72,0,0
^PSEI,5,20221205,033500,6507.34,6507.94,6502.16,6502.16,0,0
^PSEI,5,20221205,034000,6500.66,6509.21,6500.66,6504.01,0,0
^PSEI,5,20221205,034500,6504.97,6508.24,6502.29,6503.82,0,0
^PSEI,5,20221205,035000,6502.86,6507.55,6502.86,6507.55,0,0
^PSEI,5,20221205,035500,6513.21,6514.22,6512.09,6514.22,0,0
^PSEI,5,20221205,040000,6514.72,6516,6511.86,6516,0,0
^PSEI,5,20221205,040500,6513.27,6517.3,6508.15,6508.15,0,0
^PSEI,5,20221205,041000,6509.14,6511.84,6509.14,6511.62,0,0
^PSEI,5,20221205,041500,6512.06,6513.45,6511,6511,0,0
^PSEI,5,20221205,042000,6509.02,6512.09,6509.02,6510.77,0,0
^PSEI,5,20221205,042500,6512.31,6519.56,6512.31,6519.56,0,0
^PSEI,5,20221205,043000,6519.58,6521.62,6519.58,6520.77,0,0
^PSEI,5,20221205,043500,6516.55,6519.29,6512.98,6512.98,0,0
^PSEI,5,20221205,044000,6513.11,6515.84,6513.11,6515.84,0,0
^PSEI,5,20221205,044500,6513.3,6518.46,6513.3,6518.46,0,0
^PSEI,5,20221205,045000,6523.45,6523.45,6520.89,6522.44,0,0
^PSEI,5,20221205,045500,6521.48,6523.89,6520.73,6523.77,0,0
^PSEI,5,20221205,050000,6521.86,6521.86,6521.86,6521.86,0,0
^PSEI,5,20221205,054000,6519.11,6530.03,6519.11,6523.67,0,0
^PSEI,5,20221206,023000,6463.01,6477.34,6456.81,6477.34,0,0
^PSEI,5,20221206,023500,6487.56,6488.53,6481.34,6481.99,0,0
^PSEI,5,20221206,024000,6491.87,6491.87,6486.28,6487.42,0,0
^PSEI,5,20221206,024500,6486.46,6491.75,6485.71,6486.21,0,0
^PSEI,5,20221206,025000,6490.09,6491.16,6488.12,6488.92,0,0
^PSEI,5,20221206,025500,6490.67,6493.35,6487.65,6493.35,0,0
^PSEI,5,20221206,030000,6491.25,6491.41,6487.2,6487.2,0,0
^PSEI,5,20221206,030500,6485.12,6485.83,6480.32,6480.32,0,0
^PSEI,5,20221206,031000,6478.29,6478.8,6476.77,6478.8,0,0
^PSEI,5,20221206,031500,6485.42,6495.86,6485.42,6495.86,0,0
^PSEI,5,20221206,032000,6497.39,6503.54,6496.24,6499.84,0,0
^PSEI,5,20221206,032500,6501.54,6509.23,6501.54,6509.23,0,0
^PSEI,5,20221206,033000,6511.15,6517.61,6511.15,6516.19,0,0
^PSEI,5,20221206,033500,6519.47,6529.57,6519.47,6529.57,0,0
^PSEI,5,20221206,034000,6539.34,6539.34,6532.2,6533.38,0,0
^PSEI,5,20221206,034500,6534.07,6536.4,6533.66,6536.4,0,0
^PSEI,5,20221206,035000,6535.37,6540.36,6535.37,6540.07,0,0
^PSEI,5,20221206,035500,6542.27,6543.75,6542.18,6542.72,0,0
^PSEI,5,20221206,040000,6535.35,6541.62,6535.35,6541.62,0,0
^PSEI,5,20221206,040500,6538.67,6538.67,6535.14,6538.6,0,0
^PSEI,5,20221206,041000,6540.07,6546.32,6540.07,6546.2,0,0
^PSEI,5,20221206,041500,6543.94,6546.4,6539.93,6539.93,0,0
^PSEI,5,20221206,042000,6539.8,6542.32,6539.8,6542.32,0,0
^PSEI,5,20221206,042500,6542.13,6547.22,6540.92,6547.22,0,0
^PSEI,5,20221206,043000,6546.2,6546.39,6543.54,6543.54,0,0
^PSEI,5,20221206,043500,6545.21,6553.94,6545.21,6553.94,0,0
^PSEI,5,20221206,044000,6549.82,6555.13,6549.1,6554.86,0,0
^PSEI,5,20221206,044500,6552.74,6561.67,6552.74,6561.67,0,0
^PSEI,5,20221206,045000,6561.93,6561.93,6559.69,6559.77,0,0
^PSEI,5,20221206,045500,6561.17,6564.48,6560.12,6564.48,0,0
^PSEI,5,20221206,050000,6563.53,6563.53,6563.53,6563.53,0,0
^PSEI,5,20221206,054000,6565.18,6577.47,6564.68,6574.57,0,0
^PSEI,5,20221207,023000,6662.75,6662.75,6581.12,6588.84,0,0
^PSEI,5,20221207,023500,6593.32,6593.32,6578.58,6585.57,0,0
^PSEI,5,20221207,024000,6591.37,6597.61,6591.37,6592.06,0,0
^PSEI,5,20221207,024500,6596.64,6600.06,6596.61,6597.53,0,0
^PSEI,5,20221207,025000,6599.55,6603.61,6598.58,6603.61,0,0
^PSEI,5,20221207,025500,6604.01,6604.01,6600.89,6600.89,0,0
^PSEI,5,20221207,030000,6600.77,6609.04,6599.51,6607.72,0,0
^PSEI,5,20221207,030500,6606.8,6614.19,6606.71,6614.19,0,0
^PSEI,5,20221207,031000,6619.02,6619.21,6617.25,6619.21,0,0
^PSEI,5,20221207,031500,6620.46,6620.46,6618.11,6620.36,0,0
^PSEI,5,20221207,032000,6619.07,6625.98,6619.07,6624.69,0,0
^PSEI,5,20221207,032500,6625.6,6626.23,6623.61,6623.61,0,0
^PSEI,5,20221207,033000,6624.79,6624.79,6619.34,6619.34,0,0
^PSEI,5,20221207,033500,6619.92,6619.92,6613.66,6617.27,0,0
^PSEI,5,20221207,034000,6539.34,6539.34,6532.2,6533.38,0,0
^PSEI,5,20221207,034500,6534.07,6536.4,6533.66,6536.4,0,0
^PSEI,5,20221207,035000,6535.37,6540.36,6535.37,6540.07,0,0
^PSEI,5,20221207,035500,6542.27,6543.75,6542.18,6542.72,0,0
^PSEI,5,20221207,040000,6535.35,6541.62,6535.35,6541.62,0,0
^PSEI,5,20221207,040500,6538.67,6538.67,6535.14,6538.6,0,0
^PSEI,5,20221207,041000,6540.07,6546.32,6540.07,6546.2,0,0
^PSEI,5,20221207,041500,6543.94,6546.4,6539.93,6539.93,0,0
^PSEI,5,20221207,042000,6539.8,6542.32,6539.8,6542.32,0,0
^PSEI,5,20221207,042500,6542.13,6547.22,6540.92,6547.22,0,0
^PSEI,5,20221207,043000,6546.2,6546.39,6543.54,6543.54,0,0
^PSEI,5,20221207,043500,6545.21,6553.94,6545.21,6553.94,0,0
^PSEI,5,20221207,044000,6549.82,6555.13,6549.1,6554.86,0,0
^PSEI,5,20221207,044500,6552.74,6561.67,6552.74,6561.67,0,0
^PSEI,5,20221207,045000,6561.93,6561.93,6559.69,6559.77,0,0
^PSEI,5,20221207,045500,6561.17,6564.48,6560.12,6564.48,0,0
^PSEI,5,20221207,050000,6563.53,6563.53,6563.53,6563.53,0,0
^PSEI,5,20221207,054000,6565.18,6674.38,6564.68,6674.38,0,0
^PSEI,5,20221208,023000,6662.75,6662.75,6581.12,6588.84,0,0
^PSEI,5,20221208,023500,6593.32,6593.32,6578.58,6585.57,0,0
^PSEI,5,20221208,024000,6591.37,6597.61,6591.37,6592.06,0,0
^PSEI,5,20221208,024500,6596.64,6600.06,6596.61,6597.53,0,0
^PSEI,5,20221208,025000,6599.55,6603.61,6598.58,6603.61,0,0
^PSEI,5,20221208,025500,6604.01,6604.01,6600.89,6600.89,0,0
^PSEI,5,20221208,030000,6600.77,6609.04,6599.51,6607.72,0,0
^PSEI,5,20221208,030500,6606.8,6614.19,6606.71,6614.19,0,0
^PSEI,5,20221208,031000,6619.02,6619.21,6617.25,6619.21,0,0
^PSEI,5,20221208,031500,6620.46,6620.46,6618.11,6620.36,0,0
^PSEI,5,20221208,032000,6619.07,6625.98,6619.07,6624.69,0,0
^PSEI,5,20221208,032500,6625.6,6626.23,6623.61,6623.61,0,0
^PSEI,5,20221208,033000,6624.79,6624.79,6619.34,6619.34,0,0
^PSEI,5,20221208,033500,6619.92,6619.92,6613.66,6617.27,0,0
^PSEI,5,20221208,034000,6616.75,6617.39,6615.72,6617.23,0,0
^PSEI,5,20221208,034500,6617.59,6622.2,6617.59,6620.87,0,0
^PSEI,5,20221208,035000,6621.8,6624.65,6621.8,6622.49,0,0
^PSEI,5,20221208,035500,6623.08,6626.1,6620.36,6625.11,0,0
^PSEI,5,20221208,040000,6625.25,6625.75,6625.23,6625.75,0,0
^PSEI,5,20221208,040500,6625.58,6627.37,6623.25,6625.99,0,0
^PSEI,5,20221208,041000,6625.15,6626.07,6622.59,6622.84,0,0
^PSEI,5,20221208,041500,6626.25,6627.31,6626.11,6626.12,0,0
^PSEI,5,20221208,042000,6625.06,6629.25,6625.06,6626.59,0,0
^PSEI,5,20221208,042500,6625.84,6629.85,6625.84,6626.35,0,0
^PSEI,5,20221208,043000,6626.42,6634.75,6626.42,6633.86,0,0
^PSEI,5,20221208,043500,6633.33,6643.2,6633.33,6640.32,0,0
^PSEI,5,20221208,044000,6636.85,6642.01,6636.85,6637.97,0,0
^PSEI,5,20221208,044500,6640.44,6647.93,6640.44,6647.93,0,0
^PSEI,5,20221208,045000,6643.44,6649.42,6643.44,6649.02,0,0
^PSEI,5,20221208,045500,6651.37,6652.32,6648.19,6650.36,0,0
^PSEI,5,20221208,050000,6649.08,6649.08,6649.08,6649.08,0,0
^PSEI,5,20221208,054000,6644.37,6653.91,6525.16,6525.16,0,0
^PSEI,5,20221209,023000,6560.13,6560.13,6531.96,6558.87,0,0
^PSEI,5,20221209,023500,6563.81,6563.81,6550.69,6551.17,0,0
^PSEI,5,20221209,024000,6544.53,6544.53,6528.09,6528.09,0,0
^PSEI,5,20221209,024500,6532.87,6535.09,6527.74,6534.5,0,0
^PSEI,5,20221209,025000,6531.07,6532.54,6517.91,6517.91,0,0
^PSEI,5,20221209,025500,6523.8,6530.5,6523.8,6526.81,0,0
^PSEI,5,20221209,030000,6526.84,6532.56,6524.02,6531.18,0,0
^PSEI,5,20221209,030500,6520.05,6521.7,6515.53,6521.7,0,0
^PSEI,5,20221209,031000,6524.91,6524.91,6519.43,6520.69,0,0
^PSEI,5,20221209,031500,6520.42,6524.13,6520.42,6523.11,0,0
^PSEI,5,20221209,032000,6523.81,6531.46,6519.94,6526.02,0,0
^PSEI,5,20221209,032500,6526.69,6555.04,6526.69,6555.04,0,0
^PSEI,5,20221209,033000,6556.26,6568.55,6556.26,6568.55,0,0
^PSEI,5,20221209,033500,6569.09,6569.09,6562.62,6562.62,0,0
^PSEI,5,20221209,034000,6562.36,6562.36,6548.78,6548.78,0,0
^PSEI,5,20221209,034500,6552.78,6554.54,6546.29,6554.54,0,0
^PSEI,5,20221209,035000,6552.98,6552.98,6550.16,6550.5,0,0
^PSEI,5,20221209,035500,6552.2,6560.74,6550.77,6560.74,0,0
^PSEI,5,20221209,040000,6553.15,6556.16,6553.15,6555.48,0,0
^PSEI,5,20221209,040500,6559.13,6562.15,6555.85,6556.51,0,0
^PSEI,5,20221209,041000,6558.11,6561.62,6557.04,6561.62,0,0
^PSEI,5,20221209,041500,6558.29,6558.36,6553.97,6557.24,0,0
^PSEI,5,20221209,042000,6558.68,6561.04,6556.68,6561.04,0,0
^PSEI,5,20221209,042500,6567.04,6568.84,6557.75,6557.75,0,0
^PSEI,5,20221209,043000,6560.85,6567.85,6559.37,6560.75,0,0
^PSEI,5,20221209,043500,6560.19,6566.71,6560.19,6565.8,0,0
^PSEI,5,20221209,044000,6565.18,6565.18,6557.03,6557.87,0,0
^PSEI,5,20221209,044500,6559.39,6559.81,6557.87,6557.87,0,0
^PSEI,5,20221209,045000,6563.38,6563.38,6552.28,6552.28,0,0
^PSEI,5,20221209,045500,6554.05,6555.37,6553.99,6555.37,0,0
^PSEI,5,20221209,050000,6556.56,6556.56,6556.56,6556.56,0,0
^PSEI,5,20221209,054000,6553.95,6555.92,6548.86,6553.14,0,0
^PSEI,5,20221212,023000,6602.58,6603.78,6599.03,6599.03,0,0
^PSEI,5,20221212,023500,6595.48,6599.69,6591.52,6591.63,0,0
^PSEI,5,20221212,024000,6591.36,6595.24,6583.65,6595.24,0,0
^PSEI,5,20221212,024500,6582.97,6585.94,6566.86,6566.86,0,0
^PSEI,5,20221212,025000,6573.46,6586.9,6571.04,6571.22,0,0
^PSEI,5,20221212,025500,6568.72,6582.67,6568.72,6582.67,0,0
^PSEI,5,20221212,030000,6583.77,6583.77,6576.62,6580.65,0,0
^PSEI,5,20221212,030500,6574.66,6585.44,6574.66,6585.44,0,0
^PSEI,5,20221212,031000,6581.05,6586.98,6581.05,6583.85,0,0
^PSEI,5,20221212,031500,6584.65,6584.65,6578.63,6578.63,0,0
^PSEI,5,20221212,032000,6583.91,6590.61,6581.53,6587.64,0,0
^PSEI,5,20221212,032500,6593.2,6596.95,6592.5,6596.95,0,0
^PSEI,5,20221212,033000,6592.6,6593.88,6592.28,6592.28,0,0
^PSEI,5,20221212,033500,6591.2,6595.18,6589.23,6594.71,0,0
^PSEI,5,20221212,034000,6592.14,6595.79,6592.14,6594.98,0,0
^PSEI,5,20221212,034500,6594.88,6597.54,6594.88,6595.79,0,0
^PSEI,5,20221212,035000,6595.71,6596.15,6594.12,6594.12,0,0
^PSEI,5,20221212,035500,6598.7,6601.18,6597.61,6597.61,0,0
^PSEI,5,20221212,040000,6598.69,6598.69,6597.73,6598.01,0,0
^PSEI,5,20221212,040500,6597.28,6598.47,6593.46,6593.47,0,0
^PSEI,5,20221212,041000,6592.39,6598.84,6592.19,6593.05,0,0
^PSEI,5,20221212,041500,6592.01,6594.11,6591.97,6591.97,0,0
^PSEI,5,20221212,042000,6595.58,6596.64,6593.91,6595.9,0,0
^PSEI,5,20221212,042500,6592.96,6595.17,6592.86,6595.17,0,0
^PSEI,5,20221212,043000,6594.81,6594.81,6592.54,6592.54,0,0
^PSEI,5,20221212,043500,6592.84,6592.84,6590.73,6590.75,0,0
^PSEI,5,20221212,044000,6590.42,6593.71,6589.67,6592.39,0,0
^PSEI,5,20221212,044500,6591.61,6592.2,6590.14,6592.2,0,0
^PSEI,5,20221212,045000,6592.78,6596.06,6592.78,6595.67,0,0
^PSEI,5,20221212,045500,6595.5,6596.9,6591.49,6596.1,0,0
^PSEI,5,20221212,050000,6596.41,6596.41,6596.41,6596.41,0,0
^PSEI,5,20221212,054000,6601.51,6602.92,6595.62,6602.92,0,0
^PSEI,5,20221213,023000,6611.16,6628.27,6611.16,6628.27,0,0
^PSEI,5,20221213,023500,6625.75,6627.45,6615.88,6617.76,0,0
^PSEI,5,20221213,024000,6616.67,6625.46,6616.67,6622.27,0,0
^PSEI,5,20221213,024500,6627.01,6630.46,6627.01,6630.46,0,0
^PSEI,5,20221213,025000,6631.66,6631.66,6623.62,6623.62,0,0
^PSEI,5,20221213,025500,6623.67,6623.98,6619.59,6619.59,0,0
^PSEI,5,20221213,030000,6617.61,6617.61,6611.5,6614.52,0,0
^PSEI,5,20221213,030500,6611.86,6613.03,6609.65,6609.65,0,0
^PSEI,5,20221213,031000,6612.55,6612.55,6604.21,6607.33,0,0
^PSEI,5,20221213,031500,6606.18,6613.25,6606.18,6613.25,0,0
^PSEI,5,20221213,032000,6614.13,6614.32,6613.47,6613.58,0,0
^PSEI,5,20221213,032500,6616.86,6621.2,6616.86,6621.2,0,0
^PSEI,5,20221213,033000,6619.34,6620.56,6610.51,6611.97,0,0
^PSEI,5,20221213,033500,6612.23,6612.23,6608.96,6610.51,0,0
^PSEI,5,20221213,034000,6612.47,6612.47,6610.82,6610.82,0,0
^PSEI,5,20221213,034500,6611.68,6611.68,6602.6,6602.73,0,0
^PSEI,5,20221213,035000,6603.95,6604.66,6603.95,6604.66,0,0
^PSEI,5,20221213,035500,6605.26,6606.24,6603.57,6603.57,0,0
^PSEI,5,20221213,040000,6603.55,6604.91,6603.55,6603.97,0,0
^PSEI,5,20221213,040500,6603.51,6604.58,6603.51,6604.51,0,0
^PSEI,5,20221213,041000,6605.52,6606.66,6599.82,6599.82,0,0
^PSEI,5,20221213,041500,6600.44,6601.98,6598.56,6601.98,0,0
^PSEI,5,20221213,042000,6601.43,6601.43,6599.38,6600.44,0,0
^PSEI,5,20221213,042500,6600,6605.13,6600,6605.13,0,0
^PSEI,5,20221213,043000,6603.24,6607.09,6603.24,6607.09,0,0
^PSEI,5,20221213,043500,6605.72,6607.33,6605.24,6607.33,0,0
^PSEI,5,20221213,044000,6606.1,6607.73,6606.1,6607.47,0,0
^PSEI,5,20221213,044500,6608.19,6609.76,6602.41,6602.41,0,0
^PSEI,5,20221213,045000,6588.92,6595.42,6588.92,6595.42,0,0
^PSEI,5,20221213,045500,6599.22,6599.64,6597.94,6598.74,0,0
^PSEI,5,20221213,050000,6598.6,6598.6,6598.6,6598.6,0,0
^PSEI,5,20221213,054000,6596.49,6601.95,6593.85,6597.11,0,0
^PSEI,5,20221214,023000,6610.46,6630.41,6610.46,6623.97,0,0
^PSEI,5,20221214,023500,6613.68,6614.47,6605.53,6605.53,0,0
^PSEI,5,20221214,024000,6609.25,6609.25,6604.46,6606.59,0,0
^PSEI,5,20221214,024500,6614.06,6614.69,6611.81,6614.69,0,0
^PSEI,5,20221214,025000,6614.83,6619.2,6613.99,6613.99,0,0
^PSEI,5,20221214,025500,6616.32,6616.32,6597.88,6599.49,0,0
^PSEI,5,20221214,030000,6600.57,6601.86,6598.38,6600.18,0,0
^PSEI,5,20221214,030500,6601,6612.71,6601,6608.81,0,0
^PSEI,5,20221214,031000,6613.11,6614.48,6609.16,6609.16,0,0
^PSEI,5,20221214,031500,6612.21,6612.21,6607.64,6608.33,0,0
^PSEI,5,20221214,032000,6610.11,6610.11,6604.12,6604.22,0,0
^PSEI,5,20221214,032500,6603.13,6603.13,6601.27,6601.27,0,0
^PSEI,5,20221214,033000,6601.44,6604.51,6601.39,6604.51,0,0
^PSEI,5,20221214,033500,6604.81,6608.8,6604.81,6608.8,0,0
^PSEI,5,20221214,034000,6606.09,6606.57,6605.28,6605.78,0,0
^PSEI,5,20221214,034500,6605.28,6605.28,6601.23,6602.15,0,0
^PSEI,5,20221214,035000,6600.84,6600.84,6596.86,6596.86,0,0
^PSEI,5,20221214,035500,6597.93,6599.62,6596.67,6599.62,0,0
^PSEI,5,20221214,040000,6600.35,6600.35,6596.05,6596.05,0,0
^PSEI,5,20221214,040500,6594.25,6594.25,6587.29,6591.81,0,0
^PSEI,5,20221214,041000,6591.88,6591.88,6586.34,6586.34,0,0
^PSEI,5,20221214,041500,6586.66,6587.41,6586.66,6587.14,0,0
^PSEI,5,20221214,042000,6588.25,6588.25,6583.35,6583.35,0,0
^PSEI,5,20221214,042500,6583.78,6587.11,6583.78,6587.11,0,0
^PSEI,5,20221214,043000,6589.5,6589.5,6586.24,6589.02,0,0
^PSEI,5,20221214,043500,6588.25,6594.69,6588.25,6594.69,0,0
^PSEI,5,20221214,044000,6591.72,6591.72,6590.48,6590.48,0,0
^PSEI,5,20221214,044500,6594.4,6594.4,6590.73,6590.84,0,0
^PSEI,5,20221214,045000,6592.58,6594.7,6592.54,6594.7,0,0
^PSEI,5,20221214,045500,6597.17,6598.42,6594.38,6595.11,0,0
^PSEI,5,20221214,050000,6597.15,6597.15,6597.15,6597.15,0,0
^PSEI,5,20221214,054000,6595.49,6598.99,6592.23,6594.73,0,0
^PSEI,5,20221215,023000,6618.85,6618.85,6605.34,6605.34,0,0
^PSEI,5,20221215,023500,6606.17,6606.17,6600.2,6603.62,0,0
^PSEI,5,20221215,024000,6601.3,6611.1,6601.3,6610.05,0,0
^PSEI,5,20221215,024500,6611.89,6615.77,6610.61,6610.61,0,0
^PSEI,5,20221215,025000,6614.19,6629.87,6614.19,6629.87,0,0
^PSEI,5,20221215,025500,6629.22,6631.09,6626.51,6628.91,0,0
^PSEI,5,20221215,030000,6627.77,6628.01,6625.86,6626.65,0,0
^PSEI,5,20221215,030500,6623.98,6623.98,6622.41,6622.41,0,0
^PSEI,5,20221215,031000,6620.11,6622.59,6616.77,6616.77,0,0
^PSEI,5,20221215,031500,6616.84,6617.33,6613.07,6613.07,0,0
^PSEI,5,20221215,032000,6612.51,6613.5,6611.11,6613.5,0,0
^PSEI,5,20221215,032500,6611.22,6616.56,6611.1,6615.32,0,0
^PSEI,5,20221215,033000,6614.45,6615.03,6609.65,6609.65,0,0
^PSEI,5,20221215,033500,6610.35,6611.77,6608.64,6611.63,0,0
^PSEI,5,20221215,034000,6608.56,6609.09,6604.44,6604.44,0,0
^PSEI,5,20221215,034500,6602.5,6602.5,6597.97,6597.97,0,0
^PSEI,5,20221215,035000,6596.86,6598,6592.44,6595.72,0,0
^PSEI,5,20221215,035500,6592.64,6597.74,6592.64,6597.74,0,0
^PSEI,5,20221215,040000,6600.2,6600.2,6594.03,6594.03,0,0
^PSEI,5,20221215,040500,6594.28,6594.28,6588.47,6589.65,0,0
^PSEI,5,20221215,041000,6588.35,6588.35,6585.75,6585.97,0,0
^PSEI,5,20221215,041500,6590.16,6590.16,6586.84,6589.45,0,0
^PSEI,5,20221215,042000,6588.68,6589.83,6588.3,6589.83,0,0
^PSEI,5,20221215,042500,6588.17,6588.47,6586.4,6588.47,0,0
^PSEI,5,20221215,043000,6587.22,6587.22,6585.22,6585.22,0,0
^PSEI,5,20221215,043500,6586.41,6586.41,6582.69,6582.69,0,0
^PSEI,5,20221215,044000,6585.37,6585.37,6579.22,6581.83,0,0
^PSEI,5,20221215,044500,6580.91,6583.29,6577.4,6577.4,0,0
^PSEI,5,20221215,045000,6579.46,6580.61,6576.57,6576.57,0,0
^PSEI,5,20221215,045500,6574.98,6576.67,6574.16,6575.52,0,0
^PSEI,5,20221215,050000,6575.15,6575.15,6575.15,6575.15,0,0
^PSEI,5,20221215,054000,6574.25,6576.54,6571.19,6574.09,0,0
^PSEI,5,20221216,023000,6523.07,6523.07,6499.7,6503.49,0,0
^PSEI,5,20221216,023500,6507.43,6507.43,6501.49,6506.02,0,0
^PSEI,5,20221216,024000,6512.47,6512.47,6507.25,6507.59,0,0
^PSEI,5,20221216,024500,6505.1,6523.98,6505.1,6523.98,0,0
^PSEI,5,20221216,025000,6516.86,6523.77,6516.86,6522.67,0,0
^PSEI,5,20221216,025500,6523.21,6529.93,6523.21,6529.93,0,0
^PSEI,5,20221216,030000,6527.91,6532.36,6527.73,6532.36,0,0
^PSEI,5,20221216,030500,6533.71,6533.71,6528.04,6532.14,0,0
^PSEI,5,20221216,031000,6535.05,6542.9,6533.02,6542.9,0,0
^PSEI,5,20221216,031500,6543.38,6552.32,6543.38,6546.44,0,0
^PSEI,5,20221216,032000,6546.96,6546.96,6540.01,6540.57,0,0
^PSEI,5,20221216,032500,6540.86,6543.96,6540.74,6541.16,0,0
^PSEI,5,20221216,033000,6539.81,6544.93,6539.81,6544.93,0,0
^PSEI,5,20221216,033500,6542.39,6543.27,6540.21,6542.15,0,0
^PSEI,5,20221216,034000,6540.53,6544.59,6540.53,6544.59,0,0
^PSEI,5,20221216,034500,6543.31,6543.4,6536.45,6540.87,0,0
^PSEI,5,20221216,035000,6541.7,6542.28,6539.9,6539.9,0,0
^PSEI,5,20221216,035500,6540.9,6540.9,6538.93,6539.34,0,0
^PSEI,5,20221216,040000,6536.13,6536.51,6533.58,6533.58,0,0
^PSEI,5,20221216,040500,6536.98,6539.67,6534.04,6539.67,0,0
^PSEI,5,20221216,041000,6535.23,6537.35,6532.5,6537.35,0,0
^PSEI,5,20221216,041500,6535.8,6536.13,6533.43,6533.43,0,0
^PSEI,5,20221216,042000,6531.48,6534.54,6529.35,6534.54,0,0
^PSEI,5,20221216,042500,6532.02,6532.62,6529.45,6529.45,0,0
^PSEI,5,20221216,043000,6527.5,6529.08,6525.44,6525.44,0,0
^PSEI,5,20221216,043500,6525.06,6525.06,6521.88,6523.83,0,0
^PSEI,5,20221216,044000,6524.39,6526.91,6524.39,6526.73,0,0
^PSEI,5,20221216,044500,6525.76,6526.16,6524.96,6525.34,0,0
^PSEI,5,20221216,045000,6522.85,6522.85,6520.07,6520.37,0,0
^PSEI,5,20221216,045500,6521.18,6521.18,6519.37,6520.66,0,0
^PSEI,5,20221216,050000,6519.42,6519.42,6519.42,6519.42,0,0
^PSEI,5,20221216,054000,6517.88,6517.88,6506.52,6506.52,0,0
^PSEI,5,20221219,023000,6474,6477.99,6460.59,6460.59,0,0
^PSEI,5,20221219,023500,6451.37,6451.37,6428.11,6435.9,0,0
^PSEI,5,20221219,024000,6424.97,6424.97,6387.3,6389.16,0,0
^PSEI,5,20221219,024500,6380.71,6384.35,6380.13,6384.35,0,0
^PSEI,5,20221219,025000,6378.89,6378.89,6368.37,6370.74,0,0
^PSEI,5,20221219,025500,6371.65,6371.65,6367.44,6368.95,0,0
^PSEI,5,20221219,030000,6365.16,6374.5,6365.09,6365.09,0,0
^PSEI,5,20221219,030500,6360.97,6367.41,6360.97,6365.98,0,0
^PSEI,5,20221219,031000,6371.27,6373.48,6370.67,6373.48,0,0
^PSEI,5,20221219,031500,6372.81,6388.37,6372.81,6381.05,0,0
^PSEI,5,20221219,032000,6382.33,6382.33,6365.31,6372.78,0,0
^PSEI,5,20221219,032500,6375.67,6385.24,6375.67,6384.22,0,0
^PSEI,5,20221219,033000,6386.04,6390.84,6386.04,6390.84,0,0
^PSEI,5,20221219,033500,6390.04,6399.13,6390.04,6398.97,0,0
^PSEI,5,20221219,034000,6395.56,6409.12,6395.56,6409.12,0,0
^PSEI,5,20221219,034500,6413.41,6413.41,6406.56,6406.58,0,0
^PSEI,5,20221219,035000,6400.83,6403.46,6399.1,6399.3,0,0
^PSEI,5,20221219,035500,6401.11,6402.22,6399.1,6399.1,0,0
^PSEI,5,20221219,040000,6399.88,6403.92,6399.88,6403.92,0,0
^PSEI,5,20221219,040500,6403.53,6403.53,6395.66,6397.08,0,0
^PSEI,5,20221219,041000,6394.81,6399.62,6394.26,6399.62,0,0
^PSEI,5,20221219,041500,6396.22,6396.22,6390.35,6391.14,0,0
^PSEI,5,20221219,042000,6391.13,6394.74,6391.13,6394.74,0,0
^PSEI,5,20221219,042500,6397.08,6397.08,6389.3,6391.23,0,0
^PSEI,5,20221219,043000,6392.83,6395.92,6391.46,6395.92,0,0
^PSEI,5,20221219,043500,6395.26,6398.41,6395.26,6398.41,0,0
^PSEI,5,20221219,044000,6394.24,6400.2,6394.24,6396.68,0,0
^PSEI,5,20221219,044500,6392.49,6399.54,6392.49,6399.54,0,0
^PSEI,5,20221219,045000,6400.56,6400.56,6396.41,6396.41,0,0
^PSEI,5,20221219,045500,6394.62,6399.08,6394.62,6399.08,0,0
^PSEI,5,20221219,050000,6400.86,6400.86,6400.86,6400.86,0,0
^PSEI,5,20221219,054000,6403.35,6406.16,6397.07,6402.62,0,0
^PSEI,5,20221220,023000,6412.42,6412.42,6390.4,6400.5,0,0
^PSEI,5,20221220,023500,6402.17,6404.84,6397.19,6400.35,0,0
^PSEI,5,20221220,024000,6392.77,6395.01,6385.28,6385.28,0,0
^PSEI,5,20221220,024500,6390.98,6390.98,6388.11,6389.82,0,0
^PSEI,5,20221220,025000,6387.94,6392.39,6385.2,6392.39,0,0
^PSEI,5,20221220,025500,6393.68,6400.23,6393.51,6394.18,0,0
^PSEI,5,20221220,030000,6397.58,6401.07,6395.27,6395.27,0,0
^PSEI,5,20221220,030500,6399.12,6401.02,6395.94,6395.94,0,0
^PSEI,5,20221220,031000,6397.49,6410.76,6397.49,6410.76,0,0
^PSEI,5,20221220,031500,6413.18,6417.87,6413.18,6416.16,0,0
^PSEI,5,20221220,032000,6419.95,6424.47,6419.95,6422.03,0,0
^PSEI,5,20221220,032500,6423.39,6423.9,6416.49,6416.49,0,0
^PSEI,5,20221220,033000,6419.3,6422.65,6416.83,6420.8,0,0
^PSEI,5,20221220,033500,6423.78,6429.74,6423.14,6428.21,0,0
^PSEI,5,20221220,034000,6432.6,6440.36,6428.07,6440.36,0,0
^PSEI,5,20221220,034500,6441.52,6441.52,6431.61,6431.61,0,0
^PSEI,5,20221220,035000,6431.28,6434.44,6431.28,6434.44,0,0
^PSEI,5,20221220,035500,6437.98,6440.04,6437.98,6440.04,0,0
^PSEI,5,20221220,040000,6445.11,6445.11,6437.7,6437.7,0,0
^PSEI,5,20221220,040500,6438.8,6440.51,6437.15,6438.41,0,0
^PSEI,5,20221220,041000,6438.75,6438.75,6434.84,6436.26,0,0
^PSEI,5,20221220,041500,6433.32,6439.49,6433.32,6438.93,0,0
^PSEI,5,20221220,042000,6440.98,6440.98,6433.53,6433.53,0,0
^PSEI,5,20221220,042500,6433.39,6443.87,6433.39,6443.87,0,0
^PSEI,5,20221220,043000,6443.67,6448.99,6443.38,6447.53,0,0
^PSEI,5,20221220,043500,6446.97,6447.13,6441.59,6442.56,0,0
^PSEI,5,20221220,044000,6443.39,6445.67,6437.79,6439.27,0,0
^PSEI,5,20221220,044500,6437.3,6441.54,6437.09,6441.54,0,0
^PSEI,5,20221220,045000,6442.86,6445.88,6442.36,6444.68,0,0
^PSEI,5,20221220,045500,6443.68,6446.93,6437.98,6437.98,0,0
^PSEI,5,20221220,050000,6433.99,6433.99,6433.99,6433.99,0,0
^PSEI,5,20221220,054000,6433.77,6436.25,6431.11,6435.97,0,0
^PSEI,5,20221221,023000,6464.35,6464.35,6455.58,6455.58,0,0
^PSEI,5,20221221,023500,6454.05,6454.45,6449.64,6454.45,0,0
^PSEI,5,20221221,024000,6454.53,6457.86,6454.53,6457.86,0,0
^PSEI,5,20221221,024500,6454.12,6460.86,6454.12,6457.67,0,0
^PSEI,5,20221221,025000,6459.45,6459.45,6450.48,6453.04,0,0
^PSEI,5,20221221,025500,6461.76,6465.81,6457.35,6457.35,0,0
^PSEI,5,20221221,030000,6465.21,6465.21,6458.84,6458.84,0,0
^PSEI,5,20221221,030500,6453.74,6460.44,6453.74,6460.28,0,0
^PSEI,5,20221221,031000,6457.88,6462.13,6456.46,6456.46,0,0
^PSEI,5,20221221,031500,6455.1,6465.39,6455.1,6465.39,0,0
^PSEI,5,20221221,032000,6469.42,6469.42,6466.96,6468.46,0,0
^PSEI,5,20221221,032500,6468.38,6475.1,6468.38,6474.16,0,0
^PSEI,5,20221221,033000,6474.66,6488.66,6474.66,6488.66,0,0
^PSEI,5,20221221,033500,6488.23,6493.36,6486.58,6493.36,0,0
^PSEI,5,20221221,034000,6493.53,6493.53,6481.73,6481.73,0,0
^PSEI,5,20221221,034500,6482.66,6485.16,6482.66,6485.16,0,0
^PSEI,5,20221221,035000,6485.79,6493.25,6485.79,6488.94,0,0
^PSEI,5,20221221,035500,6488.4,6493.08,6487.97,6492.4,0,0
^PSEI,5,20221221,040000,6492.02,6492.02,6488.44,6489.86,0,0
^PSEI,5,20221221,040500,6487.65,6496.1,6487.65,6496.1,0,0
^PSEI,5,20221221,041000,6497.35,6497.5,6495.13,6495.13,0,0
^PSEI,5,20221221,041500,6492.6,6495.1,6488.57,6488.57,0,0
^PSEI,5,20221221,042000,6491.08,6493.43,6490.59,6493.41,0,0
^PSEI,5,20221221,042500,6493.4,6496.95,6490.1,6496.95,0,0
^PSEI,5,20221221,043000,6497.27,6504.79,6497.27,6504.79,0,0
^PSEI,5,20221221,043500,6504.51,6505.43,6501.12,6501.12,0,0
^PSEI,5,20221221,044000,6503.48,6509.62,6503.48,6507.4,0,0
^PSEI,5,20221221,044500,6510.3,6511.01,6509,6509,0,0
^PSEI,5,20221221,045000,6505.44,6507.85,6505.44,6507.85,0,0
^PSEI,5,20221221,045500,6508.3,6510.08,6505.72,6505.72,0,0
^PSEI,5,20221221,050000,6508.73,6508.73,6508.73,6508.73,0,0
^PSEI,5,20221221,054000,6510.23,6517.41,6510.23,6517.41,0,0
^PSEI,5,20221222,023000,6540.93,6540.93,6521.67,6522.21,0,0
^PSEI,5,20221222,023500,6523.18,6541.54,6523.18,6541.54,0,0
^PSEI,5,20221222,024000,6534.87,6543.32,6534.87,6541.79,0,0
^PSEI,5,20221222,024500,6542.39,6542.39,6537.48,6541.58,0,0
^PSEI,5,20221222,025000,6539.96,6547.14,6538.9,6547.14,0,0
^PSEI,5,20221222,025500,6547.1,6552.77,6544.81,6544.81,0,0
^PSEI,5,20221222,030000,6544.96,6553.52,6544.96,6553.52,0,0
^PSEI,5,20221222,030500,6553.36,6553.36,6550.37,6550.8,0,0
^PSEI,5,20221222,031000,6553.87,6557.11,6549.14,6549.14,0,0
^PSEI,5,20221222,031500,6556.82,6559.49,6556.82,6559.49,0,0
^PSEI,5,20221222,032000,6560.83,6567.39,6560.79,6564.39,0,0
^PSEI,5,20221222,032500,6567.05,6567.88,6566.97,6566.97,0,0
^PSEI,5,20221222,033000,6567.58,6567.98,6564.59,6565.28,0,0
^PSEI,5,20221222,033500,6565.23,6565.23,6561.64,6562.95,0,0
^PSEI,5,20221222,034000,6564.97,6567.48,6555.72,6558.03,0,0
^PSEI,5,20221222,034500,6558.17,6558.17,6554.03,6555.88,0,0
^PSEI,5,20221222,035000,6560.19,6571.84,6560.19,6571.84,0,0
^PSEI,5,20221222,035500,6571.86,6571.86,6568.73,6568.73,0,0
^PSEI,5,20221222,040000,6569.2,6571.67,6569.2,6571.67,0,0
^PSEI,5,20221222,040500,6572.77,6576.06,6572.77,6576.06,0,0
^PSEI,5,20221222,041000,6576.75,6579.63,6576.75,6579.63,0,0
^PSEI,5,20221222,041500,6577.86,6580.15,6575.7,6580.05,0,0
^PSEI,5,20221222,042000,6578.66,6579.31,6578.39,6578.39,0,0
^PSEI,5,20221222,042500,6577.29,6578.78,6577.29,6577.79,0,0
^PSEI,5,20221222,043000,6577.7,6580.21,6577.08,6580.21,0,0
^PSEI,5,20221222,043500,6579.53,6579.53,6575.26,6575.26,0,0
^PSEI,5,20221222,044000,6573.19,6573.19,6569.82,6569.86,0,0
^PSEI,5,20221222,044500,6567.5,6568.75,6566.44,6566.44,0,0
^PSEI,5,20221222,045000,6566.73,6569.27,6565.71,6566.14,0,0
^PSEI,5,20221222,045500,6565.24,6569.53,6565.24,6569.53,0,0
^PSEI,5,20221222,050000,6570.04,6570.04,6570.04,6570.04,0,0
^PSEI,5,20221222,054000,6566.14,6566.14,6557.45,6557.52,0,0
^PSEI,5,20221223,023000,6567.92,6567.92,6546.69,6546.69,0,0
^PSEI,5,20221223,023500,6544.26,6548.85,6542.95,6542.95,0,0
^PSEI,5,20221223,024000,6542.44,6543.14,6541.11,6543.14,0,0
^PSEI,5,20221223,024500,6547.12,6547.12,6536.67,6544.12,0,0
^PSEI,5,20221223,025000,6545.07,6545.92,6537.87,6545.87,0,0
^PSEI,5,20221223,025500,6544.11,6550.02,6544.11,6545.15,0,0
^PSEI,5,20221223,030000,6546.59,6551.08,6544.48,6551.08,0,0
^PSEI,5,20221223,030500,6550.44,6550.44,6546.17,6547.66,0,0
^PSEI,5,20221223,031000,6547.37,6548.13,6546.69,6548.13,0,0
^PSEI,5,20221223,031500,6548.02,6548.02,6542.65,6542.65,0,0
^PSEI,5,20221223,032000,6543.64,6543.64,6541.16,6541.5,0,0
^PSEI,5,20221223,032500,6541.37,6545.34,6541.37,6543.85,0,0
^PSEI,5,20221223,033000,6543.45,6549.24,6543.45,6547.08,0,0
^PSEI,5,20221223,033500,6548.07,6548.57,6547.46,6547.46,0,0
^PSEI,5,20221223,034000,6548.41,6549.26,6546.86,6549.26,0,0
^PSEI,5,20221223,034500,6550,6550,6547.51,6548.52,0,0
^PSEI,5,20221223,035000,6550.35,6557.27,6550.35,6556.39,0,0
^PSEI,5,20221223,035500,6557.65,6557.65,6551.98,6551.98,0,0
^PSEI,5,20221223,040000,6551.65,6551.86,6549.52,6551.25,0,0
^PSEI,5,20221223,040500,6549.22,6549.22,6545.47,6545.47,0,0
^PSEI,5,20221223,041000,6544.69,6548.91,6544.69,6547.41,0,0
^PSEI,5,20221223,041500,6548.43,6550.16,6548.43,6549.33,0,0
^PSEI,5,20221223,042000,6548.62,6548.62,6545.72,6546.84,0,0
^PSEI,5,20221223,042500,6546.63,6546.63,6544.14,6544.67,0,0
^PSEI,5,20221223,043000,6543.94,6546.42,6543.94,6546.42,0,0
^PSEI,5,20221223,043500,6543.84,6544.09,6540.72,6540.72,0,0
^PSEI,5,20221223,044000,6548.69,6553.59,6548.69,6551.49,0,0
^PSEI,5,20221223,044500,6551.36,6552.23,6548.02,6548.02,0,0
^PSEI,5,20221223,045000,6546.46,6546.46,6543.52,6545.74,0,0
^PSEI,5,20221223,045500,6545.51,6546.56,6544.82,6546.56,0,0
^PSEI,5,20221223,050000,6546.64,6546.64,6546.64,6546.64,0,0
^PSEI,5,20221223,054000,6547.91,6547.91,6541.98,6543.8,0,0
^PSEI,5,20221226,023000,6567.92,6567.92,6546.69,6546.69,0,0
^PSEI,5,20221226,023500,6544.26,6548.85,6542.95,6542.95,0,0
^PSEI,5,20221226,024000,6542.44,6543.14,6541.11,6543.14,0,0
^PSEI,5,20221226,024500,6547.12,6547.12,6536.67,6544.12,0,0
^PSEI,5,20221226,025000,6545.07,6545.92,6537.87,6545.87,0,0
^PSEI,5,20221226,025500,6544.11,6550.02,6544.11,6545.15,0,0
^PSEI,5,20221226,030000,6546.59,6551.08,6544.48,6551.08,0,0
^PSEI,5,20221226,030500,6550.44,6550.44,6546.17,6547.66,0,0
^PSEI,5,20221226,031000,6547.37,6548.13,6546.69,6548.13,0,0
^PSEI,5,20221226,031500,6548.02,6548.02,6542.65,6542.65,0,0
^PSEI,5,20221226,032000,6543.64,6543.64,6541.16,6541.5,0,0
^PSEI,5,20221226,032500,6541.37,6545.34,6541.37,6543.85,0,0
^PSEI,5,20221226,033000,6543.45,6549.24,6543.45,6547.08,0,0
^PSEI,5,20221226,033500,6548.07,6548.57,6547.46,6547.46,0,0
^PSEI,5,20221226,034000,6548.41,6549.26,6546.86,6549.26,0,0
^PSEI,5,20221226,034500,6550,6550,6547.51,6548.52,0,0
^PSEI,5,20221226,035000,6550.35,6557.27,6550.35,6556.39,0,0
^PSEI,5,20221226,035500,6557.65,6557.65,6551.98,6551.98,0,0
^PSEI,5,20221226,040000,6551.65,6551.86,6549.52,6551.25,0,0
^PSEI,5,20221226,040500,6549.22,6549.22,6545.47,6545.47,0,0
^PSEI,5,20221226,041000,6544.69,6548.91,6544.69,6547.41,0,0
^PSEI,5,20221226,041500,6548.43,6550.16,6548.43,6549.33,0,0
^PSEI,5,20221226,042000,6548.62,6548.62,6545.72,6546.84,0,0
^PSEI,5,20221226,042500,6546.63,6546.63,6544.14,6544.67,0,0
^PSEI,5,20221226,043000,6543.94,6546.42,6543.94,6546.42,0,0
^PSEI,5,20221226,043500,6543.84,6544.09,6540.72,6540.72,0,0
^PSEI,5,20221226,044000,6548.69,6553.59,6548.69,6551.49,0,0
^PSEI,5,20221226,044500,6551.36,6552.23,6548.02,6548.02,0,0
^PSEI,5,20221226,045000,6546.46,6546.46,6543.52,6545.74,0,0
^PSEI,5,20221226,045500,6545.51,6546.56,6544.82,6546.56,0,0
^PSEI,5,20221226,050000,6546.64,6546.64,6546.64,6546.64,0,0
^PSEI,5,20221226,054000,6547.91,6555.91,6540.01,6541.03,0,0
^PSEI,5,20221227,023000,6549.09,6549.09,6539.45,6539.45,0,0
^PSEI,5,20221227,023500,6540.98,6540.98,6525.13,6531.83,0,0
^PSEI,5,20221227,024000,6530.91,6531.82,6525.04,6525.82,0,0
^PSEI,5,20221227,024500,6523.66,6523.66,6520.02,6520.02,0,0
^PSEI,5,20221227,025000,6519.9,6521.98,6519.9,6521.98,0,0
^PSEI,5,20221227,025500,6521.05,6534.45,6521.05,6534.45,0,0
^PSEI,5,20221227,030000,6535.09,6535.52,6530.16,6531.69,0,0
^PSEI,5,20221227,030500,6534.31,6538.87,6534.31,6537.04,0,0
^PSEI,5,20221227,031000,6533.36,6535.63,6532.48,6535.63,0,0
^PSEI,5,20221227,031500,6539.17,6548.2,6539.17,6548.2,0,0
^PSEI,5,20221227,032000,6547.46,6554.27,6547.46,6554.27,0,0
^PSEI,5,20221227,032500,6553.38,6553.9,6546.46,6546.72,0,0
^PSEI,5,20221227,033000,6546.97,6547.91,6546.83,6547.16,0,0
^PSEI,5,20221227,033500,6551.53,6553.3,6549.15,6549.64,0,0
^PSEI,5,20221227,034000,6544.83,6546.07,6543.83,6546.07,0,0
^PSEI,5,20221227,034500,6546.08,6548.91,6545.52,6548.91,0,0
^PSEI,5,20221227,035000,6547.26,6549.4,6545.56,6545.56,0,0
^PSEI,5,20221227,035500,6548.55,6549.67,6548.3,6549.29,0,0
^PSEI,5,20221227,040000,6548.3,6548.3,6545.68,6547.87,0,0
^PSEI,5,20221227,040500,6547.65,6547.75,6546.68,6547.75,0,0
^PSEI,5,20221227,041000,6547.5,6548.42,6545.25,6546.89,0,0
^PSEI,5,20221227,041500,6548.72,6548.72,6547.45,6547.57,0,0
^PSEI,5,20221227,042000,6545.78,6546.48,6544.38,6546.48,0,0
^PSEI,5,20221227,042500,6546.28,6547.69,6546.28,6546.74,0,0
^PSEI,5,20221227,043000,6546.34,6557.82,6546.32,6557.82,0,0
^PSEI,5,20221227,043500,6558.89,6565.15,6558.89,6563.45,0,0
^PSEI,5,20221227,044000,6563.37,6563.37,6556.97,6556.97,0,0
^PSEI,5,20221227,044500,6557.18,6558.05,6556.06,6556.06,0,0
^PSEI,5,20221227,045000,6562.22,6566.04,6559.78,6559.78,0,0
^PSEI,5,20221227,045500,6561.16,6561.16,6555.94,6560.03,0,0
^PSEI,5,20221227,050000,6560.28,6560.28,6560.28,6560.28,0,0
^PSEI,5,20221227,054000,6562.2,6572.03,6562.2,6570.01,0,0
^PSEI,5,20221228,023000,6567.13,6567.13,6548.9,6548.9,0,0
^PSEI,5,20221228,023500,6542.26,6553.82,6542.26,6553.82,0,0
^PSEI,5,20221228,024000,6564.65,6567.45,6564.39,6565.15,0,0
^PSEI,5,20221228,024500,6568.53,6568.53,6555.11,6555.11,0,0
^PSEI,5,20221228,025000,6555.16,6556.26,6553.89,6555.71,0,0
^PSEI,5,20221228,025500,6552.87,6560.97,6552.87,6559.48,0,0
^PSEI,5,20221228,030000,6558.8,6561.21,6556.37,6561.21,0,0
^PSEI,5,20221228,030500,6563.63,6568.09,6563.63,6566.18,0,0
^PSEI,5,20221228,031000,6565.67,6566.86,6565.45,6566.86,0,0
^PSEI,5,20221228,031500,6571.95,6575.38,6568.1,6575.38,0,0
^PSEI,5,20221228,032000,6576.58,6576.71,6571.67,6571.67,0,0
^PSEI,5,20221228,032500,6571.59,6576.06,6571.59,6574.53,0,0
^PSEI,5,20221228,033000,6574.36,6574.36,6571.94,6571.94,0,0
^PSEI,5,20221228,033500,6571.25,6571.5,6567.25,6567.25,0,0
^PSEI,5,20221228,034000,6567.4,6571.76,6566.37,6567.75,0,0
^PSEI,5,20221228,034500,6567.58,6572.85,6567.39,6572.45,0,0
^PSEI,5,20221228,035000,6568.12,6569.59,6565.24,6565.24,0,0
^PSEI,5,20221228,035500,6564.4,6564.4,6562.37,6562.37,0,0
^PSEI,5,20221228,040000,6564.19,6565.58,6562.45,6564.14,0,0
^PSEI,5,20221228,040500,6563.77,6563.77,6561.75,6561.75,0,0
^PSEI,5,20221228,041000,6561.69,6563,6559.74,6563,0,0
^PSEI,5,20221228,041500,6565.75,6565.75,6555.2,6555.2,0,0
^PSEI,5,20221228,042000,6561.56,6561.71,6555.56,6557.38,0,0
^PSEI,5,20221228,042500,6560.39,6561.06,6555.89,6555.89,0,0
^PSEI,5,20221228,043000,6555.79,6555.79,6551.16,6551.16,0,0
^PSEI,5,20221228,043500,6557.19,6557.19,6553.38,6553.98,0,0
^PSEI,5,20221228,044000,6554.74,6555.33,6553.87,6555.33,0,0
^PSEI,5,20221228,044500,6555.29,6555.29,6547.71,6547.71,0,0
^PSEI,5,20221228,045000,6547.42,6551.19,6546.66,6549.46,0,0
^PSEI,5,20221228,045500,6550.08,6553.56,6550.08,6553.04,0,0
^PSEI,5,20221228,050000,6552.39,6552.39,6552.39,6552.39,0,0
^PSEI,5,20221228,054000,6553.09,6560.46,6550.81,6559.54,0,0
^PSEI,5,20221229,023000,6553.67,6553.67,6546.58,6550.34,0,0
^PSEI,5,20221229,023500,6550.08,6550.08,6542.09,6542.09,0,0
^PSEI,5,20221229,024000,6543.34,6545.66,6539.62,6545.66,0,0
^PSEI,5,20221229,024500,6542.96,6543.7,6539.49,6540.04,0,0
^PSEI,5,20221229,025000,6539.86,6541.49,6530.01,6530.01,0,0
^PSEI,5,20221229,025500,6536.42,6536.42,6533.42,6534.64,0,0
^PSEI,5,20221229,030000,6533.78,6540.33,6533.78,6534.86,0,0
^PSEI,5,20221229,030500,6531.77,6534.05,6531.77,6534.05,0,0
^PSEI,5,20221229,031000,6531.08,6531.92,6529.69,6531.43,0,0
^PSEI,5,20221229,031500,6533.72,6536.49,6533.72,6536.13,0,0
^PSEI,5,20221229,032000,6537.54,6539.55,6537.21,6539.55,0,0
^PSEI,5,20221229,032500,6538.92,6545.99,6538.72,6542.55,0,0
^PSEI,5,20221229,033000,6544.05,6545.56,6541.52,6541.52,0,0
^PSEI,5,20221229,033500,6543.27,6544.72,6541.89,6543.76,0,0
^PSEI,5,20221229,034000,6543.87,6546.31,6543.85,6546.31,0,0
^PSEI,5,20221229,034500,6548.26,6552.97,6548.26,6551.5,0,0
^PSEI,5,20221229,035000,6551.75,6553.47,6551.67,6552.83,0,0
^PSEI,5,20221229,035500,6551.5,6553.59,6551.13,6551.13,0,0
^PSEI,5,20221229,040000,6549.69,6552.75,6548.78,6552.75,0,0
^PSEI,5,20221229,040500,6555.7,6555.7,6552.62,6552.62,0,0
^PSEI,5,20221229,041000,6552.92,6561.34,6552.92,6561.34,0,0
^PSEI,5,20221229,041500,6560.41,6560.41,6557.92,6558.55,0,0
^PSEI,5,20221229,042000,6563.23,6564.75,6559.8,6559.8,0,0
^PSEI,5,20221229,042500,6559.36,6559.36,6550.8,6553.07,0,0
^PSEI,5,20221229,043000,6553.29,6554.2,6552.65,6552.95,0,0
^PSEI,5,20221229,043500,6553.56,6554,6550.96,6552.76,0,0
^PSEI,5,20221229,044000,6551.32,6551.93,6551.01,6551.93,0,0
^PSEI,5,20221229,044500,6551.3,6551.3,6548.77,6548.77,0,0
^PSEI,5,20221229,045000,6550.59,6550.65,6548.32,6548.58,0,0
^PSEI,5,20221229,045500,6547.98,6548.12,6545.56,6548.12,0,0
^PSEI,5,20221229,050000,6545.43,6545.43,6545.43,6545.43,0,0
^PSEI,5,20221229,054000,6553.76,6553.76,6544.23,6549.92,0,0
^PSEI,5,20221230,023000,6553.67,6553.67,6546.58,6550.34,0,0
^PSEI,5,20221230,023500,6550.08,6550.08,6542.09,6542.09,0,0
^PSEI,5,20221230,024000,6543.34,6545.66,6539.62,6545.66,0,0
^PSEI,5,20221230,024500,6542.96,6543.7,6539.49,6540.04,0,0
^PSEI,5,20221230,025000,6539.86,6541.49,6530.01,6530.01,0,0
^PSEI,5,20221230,025500,6536.42,6536.42,6533.42,6534.64,0,0
^PSEI,5,20221230,030000,6533.78,6540.33,6533.78,6534.86,0,0
^PSEI,5,20221230,030500,6531.77,6534.05,6531.77,6534.05,0,0
^PSEI,5,20221230,031000,6531.08,6531.92,6529.69,6531.43,0,0
^PSEI,5,20221230,031500,6533.72,6536.49,6533.72,6536.13,0,0
^PSEI,5,20221230,032000,6537.54,6539.55,6537.21,6539.55,0,0
^PSEI,5,20221230,032500,6538.92,6545.99,6538.72,6542.55,0,0
^PSEI,5,20221230,033000,6544.05,6545.56,6541.52,6541.52,0,0
^PSEI,5,20221230,033500,6543.27,6544.72,6541.89,6543.76,0,0
^PSEI,5,20221230,034000,6543.87,6546.31,6543.85,6546.31,0,0
^PSEI,5,20221230,034500,6548.26,6552.97,6548.26,6551.5,0,0
^PSEI,5,20221230,035000,6551.75,6553.47,6551.67,6552.83,0,0
^PSEI,5,20221230,035500,6551.5,6553.59,6551.13,6551.13,0,0
^PSEI,5,20221230,040000,6549.69,6552.75,6548.78,6552.75,0,0
^PSEI,5,20221230,040500,6555.7,6555.7,6552.62,6552.62,0,0
^PSEI,5,20221230,041000,6552.92,6561.34,6552.92,6561.34,0,0
^PSEI,5,20221230,041500,6560.41,6560.41,6557.92,6558.55,0,0
^PSEI,5,20221230,042000,6563.23,6564.75,6559.8,6559.8,0,0
^PSEI,5,20221230,042500,6559.36,6559.36,6550.8,6553.07,0,0
^PSEI,5,20221230,043000,6553.29,6554.2,6552.65,6552.95,0,0
^PSEI,5,20221230,043500,6553.56,6554,6550.96,6552.76,0,0
^PSEI,5,20221230,044000,6551.32,6551.93,6551.01,6551.93,0,0
^PSEI,5,20221230,044500,6551.3,6551.3,6548.77,6548.77,0,0
^PSEI,5,20221230,045000,6550.59,6550.65,6548.32,6548.58,0,0
^PSEI,5,20221230,045500,6547.98,6548.12,6545.56,6548.12,0,0
^PSEI,5,20221230,050000,6545.43,6545.43,6545.43,6545.43,0,0
^PSEI,5,20221230,054000,6553.76,6591.28,6544.23,6566.39,0,0
^PSEI,5,20230103,023000,6555.4,6566.01,6555.4,6560.97,0,0
^PSEI,5,20230103,023500,6563.47,6563.94,6554.83,6554.83,0,0
^PSEI,5,20230103,024000,6553.04,6558.94,6550.17,6555.92,0,0
^PSEI,5,20230103,024500,6559.13,6570.49,6559.13,6569.82,0,0
^PSEI,5,20230103,025000,6574.02,6576.96,6574.02,6575.84,0,0
^PSEI,5,20230103,025500,6577.61,6579.9,6577.61,6579.9,0,0
^PSEI,5,20230103,030000,6579.91,6579.91,6565.39,6567.58,0,0
^PSEI,5,20230103,030500,6568.51,6568.51,6566.62,6568.21,0,0
^PSEI,5,20230103,031000,6570.1,6575.62,6561.9,6575.62,0,0
^PSEI,5,20230103,031500,6569.39,6569.39,6561.52,6561.52,0,0
^PSEI,5,20230103,032000,6557.94,6567.16,6557.94,6564.69,0,0
^PSEI,5,20230103,032500,6564.66,6566.97,6564.66,6566.76,0,0
^PSEI,5,20230103,033000,6571.9,6572.99,6568.76,6572.99,0,0
^PSEI,5,20230103,033500,6574.73,6574.73,6572.01,6572.51,0,0
^PSEI,5,20230103,034000,6572.56,6574.54,6571.34,6574.54,0,0
^PSEI,5,20230103,034500,6574.25,6575.6,6574.25,6574.87,0,0
^PSEI,5,20230103,035000,6575.5,6581.39,6573.58,6581,0,0
^PSEI,5,20230103,035500,6575.67,6587.22,6574.04,6587.22,0,0
^PSEI,5,20230103,040000,6587.59,6587.59,6578.94,6582.19,0,0
^PSEI,5,20230103,040500,6589.99,6593.16,6589.99,6593.16,0,0
^PSEI,5,20230103,041000,6592.38,6593.45,6585.97,6593.45,0,0
^PSEI,5,20230103,041500,6592.73,6597.25,6588.18,6597.25,0,0
^PSEI,5,20230103,042000,6597.67,6597.67,6589.71,6590.46,0,0
^PSEI,5,20230103,042500,6589.27,6593.22,6589.25,6593.22,0,0
^PSEI,5,20230103,043000,6594.06,6594.31,6593.11,6593.3,0,0
^PSEI,5,20230103,043500,6593.31,6595.57,6593.31,6595.57,0,0
^PSEI,5,20230103,044000,6596.18,6596.37,6594.62,6596.23,0,0
^PSEI,5,20230103,044500,6595.54,6595.54,6594.28,6595.47,0,0
^PSEI,5,20230103,045000,6596.18,6596.5,6594.94,6594.94,0,0
^PSEI,5,20230103,045500,6595,6598.15,6595,6596.26,0,0
^PSEI,5,20230103,050000,6593.13,6593.13,6593.13,6593.13,0,0
^PSEI,5,20230104,023000,6601.5,6621.81,6601.5,6621.81,0,0
^PSEI,5,20230104,023500,6636.98,6656.18,6636.98,6655.83,0,0
^PSEI,5,20230104,024000,6656.67,6665.85,6653.82,6665.85,0,0
^PSEI,5,20230104,024500,6666.62,6669.06,6659.18,6666.74,0,0
^PSEI,5,20230104,025000,6666.65,6672.16,6666.65,6670.91,0,0
^PSEI,5,20230104,025500,6669.45,6676.19,6669.45,6676.03,0,0
^PSEI,5,20230104,030000,6677.33,6681.82,6675.64,6675.64,0,0
^PSEI,5,20230104,030500,6676.65,6685.07,6676.65,6682.44,0,0
^PSEI,5,20230104,031000,6684.62,6685.04,6681.33,6684.96,0,0
^PSEI,5,20230104,031500,6685.91,6689.45,6681.96,6689.45,0,0
^PSEI,5,20230104,032000,6686.83,6693.4,6684.7,6693.4,0,0
^PSEI,5,20230104,032500,6693.27,6693.27,6686.22,6690.43,0,0
^PSEI,5,20230104,033000,6690.09,6695.22,6688.94,6692.33,0,0
^PSEI,5,20230104,033500,6694.7,6694.7,6692.25,6692.46,0,0
^PSEI,5,20230104,034000,6691.68,6692.87,6690.07,6690.07,0,0
^PSEI,5,20230104,034500,6687.81,6692.25,6687.12,6692.25,0,0
^PSEI,5,20230104,035000,6687.67,6691.07,6687.65,6691.07,0,0
^PSEI,5,20230104,035500,6691.59,6694.41,6690.3,6694.41,0,0
^PSEI,5,20230104,040000,6693.78,6693.78,6689.73,6690,0,0
^PSEI,5,20230104,040500,6688.81,6689.1,6687.22,6689.1,0,0
^PSEI,5,20230104,041000,6689.7,6692.39,6688.94,6688.94,0,0
^PSEI,5,20230104,041500,6692.16,6700.43,6692.16,6700.25,0,0
^PSEI,5,20230104,042000,6701.23,6704.77,6700.16,6704.58,0,0
^PSEI,5,20230104,042500,6702.89,6706.63,6701.06,6706.63,0,0
^PSEI,5,20230104,043000,6704,6708.56,6704,6706.77,0,0
^PSEI,5,20230104,043500,6708.24,6708.3,6705.3,6708.3,0,0
^PSEI,5,20230104,044000,6710.01,6710.23,6707.71,6710.15,0,0
^PSEI,5,20230104,044500,6709.32,6712.1,6708.3,6708.3,0,0
^PSEI,5,20230104,045000,6709.77,6714.23,6709.77,6714.23,0,0
^PSEI,5,20230104,045500,6712.93,6715.19,6712.93,6714.92,0,0
^PSEI,5,20230104,050000,6713.11,6713.11,6713.11,6713.11,0,0
^PSEI,5,20230104,054000,6711.62,6721.45,6711.62,6717.8,0,0
^PSEI,5,20230105,023000,6738.93,6738.93,6730.52,6731.78,0,0
^PSEI,5,20230105,023500,6744.47,6752.15,6743.54,6749.02,0,0
^PSEI,5,20230105,024000,6751.59,6754.16,6744.31,6744.31,0,0
^PSEI,5,20230105,024500,6746.35,6753.62,6746.35,6753.62,0,0
^PSEI,5,20230105,025000,6757.01,6762.01,6757.01,6762.01,0,0
^PSEI,5,20230105,025500,6760.03,6760.03,6751.9,6751.9,0,0
^PSEI,5,20230105,030000,6752.97,6753.65,6751.13,6751.13,0,0
^PSEI,5,20230105,030500,6750.73,6750.73,6749.54,6749.54,0,0
^PSEI,5,20230105,031000,6747.5,6747.5,6742.17,6742.54,0,0
^PSEI,5,20230105,031500,6743.46,6745.32,6740.35,6744.59,0,0
^PSEI,5,20230105,032000,6743.84,6747.76,6743.84,6747.76,0,0
^PSEI,5,20230105,032500,6746.41,6746.41,6741.44,6744.19,0,0
^PSEI,5,20230105,033000,6744.94,6744.94,6738.56,6738.56,0,0
^PSEI,5,20230105,033500,6741.29,6741.29,6734.87,6734.87,0,0
^PSEI,5,20230105,034000,6736.35,6738.22,6733.28,6738.22,0,0
^PSEI,5,20230105,034500,6739,6739,6736.23,6736.92,0,0
^PSEI,5,20230105,035000,6736.49,6738.61,6736.49,6738.05,0,0
^PSEI,5,20230105,035500,6737.26,6739.49,6737.26,6738.68,0,0
^PSEI,5,20230105,040000,6737.84,6739.6,6736.97,6739.6,0,0
^PSEI,5,20230105,040500,6739.07,6739.25,6738.57,6738.75,0,0
^PSEI,5,20230105,041000,6739.37,6740.55,6739.05,6740.55,0,0
^PSEI,5,20230105,041500,6740.21,6740.21,6736.73,6736.73,0,0
^PSEI,5,20230105,042000,6732.94,6734.68,6731.88,6733.34,0,0
^PSEI,5,20230105,042500,6733.33,6736.64,6733.33,6735.76,0,0
^PSEI,5,20230105,043000,6736.63,6737.49,6732.77,6732.86,0,0
^PSEI,5,20230105,043500,6735.12,6737.39,6734.82,6737.39,0,0
^PSEI,5,20230105,044000,6737.35,6737.88,6737.07,6737.07,0,0
^PSEI,5,20230105,044500,6735.06,6737.33,6731.15,6731.15,0,0
^PSEI,5,20230105,045000,6733.46,6733.74,6731.31,6731.61,0,0
^PSEI,5,20230105,045500,6732.13,6738.83,6732.13,6738.35,0,0
^PSEI,5,20230105,050000,6737.11,6737.11,6737.11,6737.11,0,0
^PSEI,5,20230105,054000,6740.02,6748.8,6738.94,6747.71,0,0
^PSEI,5,20230106,023000,6736.65,6736.65,6725.77,6727.34,0,0
^PSEI,5,20230106,023500,6722.53,6722.53,6710.12,6711.17,0,0
^PSEI,5,20230106,024000,6711.27,6720.44,6711.27,6713.4,0,0
^PSEI,5,20230106,024500,6715.13,6719.01,6714.21,6716.59,0,0
^PSEI,5,20230106,025000,6716.77,6719.78,6713.12,6719.78,0,0
^PSEI,5,20230106,025500,6724.36,6724.36,6720.38,6720.38,0,0
^PSEI,5,20230106,030000,6719.53,6722.47,6719.53,6719.94,0,0
^PSEI,5,20230106,030500,6720.45,6721.8,6719.01,6720.34,0,0
^PSEI,5,20230106,031000,6722.14,6722.25,6721.11,6721.11,0,0
^PSEI,5,20230106,031500,6719.77,6723.38,6718.79,6723.38,0,0
^PSEI,5,20230106,032000,6722.08,6725.72,6720.21,6725.72,0,0
^PSEI,5,20230106,032500,6722.54,6724.25,6722.54,6722.69,0,0
^PSEI,5,20230106,033000,6722.78,6723.04,6721.69,6721.69,0,0
^PSEI,5,20230106,033500,6722.84,6722.84,6716.56,6716.56,0,0
^PSEI,5,20230106,034000,6717.1,6718.14,6714.5,6717.8,0,0
^PSEI,5,20230106,034500,6718.57,6718.57,6711.62,6711.62,0,0
^PSEI,5,20230106,035000,6710.85,6712.29,6710.41,6712.29,0,0
^PSEI,5,20230106,035500,6713.86,6715.84,6712.87,6714.06,0,0
^PSEI,5,20230106,040000,6713.78,6717.68,6713.78,6714.82,0,0
^PSEI,5,20230106,040500,6714.56,6714.56,6712.55,6712.55,0,0
^PSEI,5,20230106,041000,6712.77,6713.15,6710.31,6710.31,0,0
^PSEI,5,20230106,041500,6710.36,6710.42,6707.96,6707.96,0,0
^PSEI,5,20230106,042000,6708.18,6709.25,6708.18,6709.14,0,0
^PSEI,5,20230106,042500,6711.03,6711.03,6709.66,6709.66,0,0
^PSEI,5,20230106,043000,6710.27,6710.27,6706.88,6706.88,0,0
^PSEI,5,20230106,043500,6708.29,6708.29,6705.93,6706.59,0,0
^PSEI,5,20230106,044000,6705.31,6705.94,6698.64,6698.64,0,0
^PSEI,5,20230106,044500,6697.59,6698.38,6696.88,6698.38,0,0
^PSEI,5,20230106,045000,6699.64,6701.29,6699.64,6700.49,0,0
^PSEI,5,20230106,045500,6699.01,6699.22,6697.72,6697.72,0,0
^PSEI,5,20230106,050000,6700.07,6700.07,6700.07,6700.07,0,0
^PSEI,5,20230106,054000,6700.33,6700.45,6692.9,6694.04,0,0
